2.308182502396249674e+03 -2.830511422635914300e+02 1.566241837919795046e+02 1.626496991545834305e+02 -1.371466292249929531e+01 4.964656947692470368e+01 -4.392760417557415309e+01 5.959316376685481487e+01 5.809476962860202320e+00 1.840665147818243863e+00 -3.705121999151022916e+00 -3.768473179115589211e+00 -1.007329096944543778e+01 -6.557987674496975394e+00 -1.499788548581564962e+00 5.391123694858745985e+00 -2.503577785173510151e+00 -1.890903818270815440e-01 4.275018612310808042e-01 -1.434147101160203608e-01 1.438831795014504200e+00 -2.425453038384181026e-01 4.447507349401206428e-02 -1.207170566838001030e-01
-2.830511422635914300e+02 1.164834596981991581e+03 -1.470397393484491033e+01 2.461018398737346402e+00 -2.570213235004838737e+01 5.660237244061708850e+01 -5.941089606411360968e+00 2.245741242944249905e+01 1.845752805894339232e+01 -1.229465325443691270e+01 -1.490860587953264549e+01 3.193274569936043417e+00 -4.598860769416742045e+00 -2.260257972117730496e+00 2.219929997068184946e+00 -3.196803828305559758e+00 -4.663874567230166801e-01 2.208605668022591395e+00 4.837460259139291785e-01 2.791899828461493760e-01 -2.483482004328673165e-01 5.654408855254587918e-01 5.271149170246290927e-01 -2.351825892127841489e-01
1.566241837919795046e+02 -1.470397393484491033e+01 5.579739127777014573e+02 -6.909757019259011201e+01 -2.202815414529784022e+00 -9.577506213577450245e-01 -3.172594191771191419e+01 1.576983463874569225e+01 -8.993188032650428765e-01 6.870475206531212464e+00 3.132659269170718019e+00 1.874410892545799456e-01 2.574023817937436842e+00 -3.331261949832004632e+00 2.220502450767804614e+00 -5.492451080730897939e-01 -1.246864411861285715e+00 8.773438667595115925e-01 6.033816982189169620e-01 6.221496893141643669e-01 4.626791405083515718e-01 6.734580416843637118e-02 4.666881379925565815e-02 -1.056052982289603509e-01
1.626496991545834305e+02 2.461018398737346402e+00 -6.909757019259011201e+01 2.998583185962463631e+02 4.299477342895784915e+01 1.397677691887724549e+01 1.054314828168472573e+01 1.301875981871191801e+00 1.761582542214425562e+00 -8.069190933920975528e-01 2.663565813958157502e+00 -2.742298623061178109e+00 2.464278728644162975e+00 1.921180897733791859e+00 1.050159566595097793e+00 4.039313837664096907e-01 -5.686614617551369877e-01 8.845820742469509002e-01 4.342538555364755526e-01 -2.504745966460181772e-01 2.575546782854033490e-01 2.760925487694405600e-01 7.904143854426694260e-02 -1.196120150079381245e-01
-1.371466292249929531e+01 -2.570213235004838737e+01 -2.202815414529784022e+00 4.299477342895784915e+01 1.801024036783145448e+02 2.936879741771636176e+01 1.440271262355723358e+01 1.580982992225776051e+01 3.085439653859218367e+00 5.535645641822662277e+00 3.715455022487148401e-02 2.532051050311198814e+00 1.355474684429825327e+00 1.363788075655033127e+00 5.340722473191533703e-01 -8.426672181740245682e-01 -7.905374416969905838e-01 -1.865821664389318846e-01 -2.445120621100813629e-01 -2.363315879748206783e-02 1.067819357905665928e-01 -9.686439450847725285e-03 6.198391159712562937e-02 -5.595475585800613327e-02
4.964656947692470368e+01 5.660237244061708850e+01 -9.577506213577450245e-01 1.397677691887724549e+01 2.936879741771636176e+01 1.050765249590317438e+02 -8.311686966465229531e+00 1.356918462489930377e+01 2.982217889526028731e+00 3.624953458025196529e+00 -1.502837618333310532e+00 3.664687468595000830e+00 -7.631650588333425134e-01 8.080587309869351476e-01 -5.749938635724080038e-01 1.388521326604419404e-01 -5.538601036072580142e-01 -3.210846963645871965e-01 1.642145200723194864e-01 -2.887088271924964644e-01 2.017988805935717195e-02 -5.936951558918542732e-03 2.013297089216520286e-01 5.602654001627496716e-02
-4.392760417557415309e+01 -5.941089606411360968e+00 -3.172594191771191419e+01 1.054314828168472573e+01 1.440271262355723358e+01 -8.311686966465229531e+00 4.570357503620167705e+01 -2.148537962955374692e+00 9.069622118493274598e+00 2.218278093171396570e+00 3.203874644928457749e-01 8.801239221803204282e-01 -1.055099396981936888e+00 1.339410637311748475e+00 3.947543806494844820e-01 6.013870595000622155e-01 2.562285495499921559e-02 -1.371715271909369205e-01 -3.096728508323070561e-01 -9.733282792719905041e-02 2.118979278029078581e-02 1.198017325446224489e-02 -1.699344110270911007e-02 1.337191623981006695e-02
5.959316376685481487e+01 2.245741242944249905e+01 1.576983463874569225e+01 1.301875981871191801e+00 1.580982992225776051e+01 1.356918462489930377e+01 -2.148537962955374692e+00 3.697617217578201831e+01 4.057877201709390036e+00 -2.942621021111076818e+00 -2.415288801246774586e+00 -9.137598527820468830e-02 -1.879192430781765566e+00 -5.536679586013720789e-01 -3.601839411508727523e-02 1.058146974286884312e-01 3.456742367822646534e-03 -4.446432798007904363e-02 2.252258095117839753e-01 8.767927037168211923e-02 9.709212838987645033e-02 2.274118453031925835e-02 1.556106984933117998e-01 5.552290949801522851e-02
5.809476962860202320e+00 1.845752805894339232e+01 -8.993188032650428765e-01 1.761582542214425562e+00 3.085439653859218367e+00 2.982217889526028731e+00 9.069622118493274598e+00 4.057877201709390036e+00 2.499410472210660572e+01 3.180611751709637502e+00 -1.932529184290309399e+00 4.019502895155505073e-02 -1.580926992145017307e+00 4.886826453229444756e-01 6.547419497699243918e-01 4.761212729081328726e-02 9.866800731094534094e-02 -1.546768445532369363e-01 1.147425485305090531e-01 8.619420961465171227e-02 1.454806257549504656e-01 -9.240322164362842206e-02 5.008070886100599028e-02 8.066353313179659701e-02
1.840665147818243863e+00 -1.229465325443691270e+01 6.870475206531212464e+00 -8.069190933920975528e-01 5.535645641822662277e+00 3.624953458025196529e+00 2.218278093171396570e+00 -2.942621021111076818e+00 3.180611751709637502e+00 9.126513087615272468e+00 -4.163691999418886458e-01 -4.502923995308774074e-01 -5.953933738558213618e-01 8.743317254463389698e-02 3.288359240889286994e-01 -1.422642457535143734e-01 1.611662438166369116e-01 -4.055500938548336348e-02 1.135701025886560050e-01 8.894865486341164973e-02 8.195317184635367291e-02 -4.361839811781146464e-02 1.862145815902558135e-02 2.850653369215261010e-02
-3.705121999151022916e+00 -1.490860587953264549e+01 3.132659269170718019e+00 2.663565813958157502e+00 3.715455022487148401e-02 -1.502837618333310532e+00 3.203874644928457749e-01 -2.415288801246774586e+00 -1.932529184290309399e+00 -4.163691999418886458e-01 7.820619563093060833e+00 -5.605103127503332366e-02 2.712148677025996713e-01 2.235215306565647153e-01 2.829505164836554343e-01 1.014522451212100801e-01 -2.223290950305394781e-02 1.003152490337303471e-01 1.491410954639204971e-02 -8.130998717428074285e-02 4.261079034865156157e-02 5.048214743294485727e-04 -1.225917903238667693e-02 -3.088919384129820006e-02
-3.768473179115589211e+00 3.193274569936043417e+00 1.874410892545799456e-01 -2.742298623061178109e+00 2.532051050311198814e+00 3.664687468595000830e+00 8.801239221803204282e-01 -9.137598527820468830e-02 4.019502895155505073e-02 -4.502923995308774074e-01 -5.605103127503332366e-02 3.161207061796925011e+00 7.427298244448427011e-02 2.803195052588270397e-01 -3.388556066473771833e-01 -1.480120217775820757e-01 1.798164101933521011e-02 -3.532398954191998119e-02 -1.572469788273815339e-01 -5.238263245742234842e-02 -1.522817353221234647e-02 2.717493537841781867e-02 -1.356502392694958724e-02 -1.574819766250895592e-02
-1.007329096944543778e+01 -4.598860769416742045e+00 2.574023817937436842e+00 2.464278728644162975e+00 1.355474684429825327e+00 -7.631650588333425134e-01 -1.055099396981936888e+00 -1.879192430781765566e+00 -1.580926992145017307e+00 -5.953933738558213618e-01 2.712148677025996713e-01 7.427298244448427011e-02 2.871338759411034669e+00 1.460791580301885537e-02 -7.278652319138044502e-02 -1.069033213967019447e-01 1.120548397743151015e-01 4.465692868870639598e-02 -7.351901145740867560e-02 -4.369752828306703446e-02 -1.364205894382977333e-02 -1.139319679614870205e-03 -9.168106037435619360e-03 3.878811209815347084e-04
-6.557987674496975394e+00 -2.260257972117730496e+00 -3.331261949832004632e+00 1.921180897733791859e+00 1.363788075655033127e+00 8.080587309869351476e-01 1.339410637311748475e+00 -5.536679586013720789e-01 4.886826453229444756e-01 8.743317254463389698e-02 2.235215306565647153e-01 2.803195052588270397e-01 1.460791580301885537e-02 1.389913046609885239e+00 -4.551165988531825912e-02 5.592586893377216040e-02 2.212356011309866283e-02 8.673890993949079364e-02 -2.658419712385611845e-03 -1.496928365312423861e-02 2.438592722011108382e-02 -6.682936266354472764e-03 4.484082210061352339e-03 9.342565459286356067e-03
-1.499788548581564962e+00 2.219929997068184946e+00 2.220502450767804614e+00 1.050159566595097793e+00 5.340722473191533703e-01 -5.749938635724080038e-01 3.947543806494844820e-01 -3.601839411508727523e-02 6.547419497699243918e-01 3.288359240889286994e-01 2.829505164836554343e-01 -3.388556066473771833e-01 -7.278652319138044502e-02 -4.551165988531825912e-02 6.367745884500051190e-01 -1.613567405151874329e-02 -5.086547590262743140e-02 1.364936144594393851e-02 1.148017141208578645e-02 1.513744664474494205e-02 1.080649113529481668e-02 8.670079410784941459e-04 -5.566687470266332670e-03 -5.134483790208787743e-03
5.391123694858745985e+00 -3.196803828305559758e+00 -5.492451080730897939e-01 4.039313837664096907e-01 -8.426672181740245682e-01 1.388521326604419404e-01 6.013870595000622155e-01 1.058146974286884312e-01 4.761212729081328726e-02 -1.422642457535143734e-01 1.014522451212100801e-01 -1.480120217775820757e-01 -1.069033213967019447e-01 5.592586893377216040e-02 -1.613567405151874329e-02 3.731151665845559573e-01 -6.846827368858924949e-03 1.739798893377035929e-02 -4.565524459140525571e-03 -1.038423044944545778e-02 -1.113140310993821283e-02 -1.358587542177642918e-03 5.584621702244961516e-03 4.806398824280474526e-03
-2.503577785173510151e+00 -4.663874567230166801e-01 -1.246864411861285715e+00 -5.686614617551369877e-01 -7.905374416969905838e-01 -5.538601036072580142e-01 2.562285495499921559e-02 3.456742367822646534e-03 9.866800731094534094e-02 1.611662438166369116e-01 -2.223290950305394781e-02 1.798164101933521011e-02 1.120548397743151015e-01 2.212356011309866283e-02 -5.086547590262743140e-02 -6.846827368858924949e-03 1.682948309965396072e-01 1.370367985598170031e-02 1.709848877410143596e-03 7.693248376828444720e-04 -5.164735463947050208e-03 8.598271295642366920e-04 2.515899254791555736e-03 4.183973371074263883e-03
-1.890903818270815440e-01 2.208605668022591395e+00 8.773438667595115925e-01 8.845820742469509002e-01 -1.865821664389318846e-01 -3.210846963645871965e-01 -1.371715271909369205e-01 -4.446432798007904363e-02 -1.546768445532369363e-01 -4.055500938548336348e-02 1.003152490337303471e-01 -3.532398954191998119e-02 4.465692868870639598e-02 8.673890993949079364e-02 1.364936144594393851e-02 1.739798893377035929e-02 1.370367985598170031e-02 7.916316870441368614e-02 2.976214510797529737e-03 5.517839575711197542e-03 -1.407451988787088767e-03 1.902035877289246077e-03 1.165607649204803342e-03 -3.063817451748312298e-03
4.275018612310808042e-01 4.837460259139291785e-01 6.033816982189169620e-01 4.342538555364755526e-01 -2.445120621100813629e-01 1.642145200723194864e-01 -3.096728508323070561e-01 2.252258095117839753e-01 1.147425485305090531e-01 1.135701025886560050e-01 1.491410954639204971e-02 -1.572469788273815339e-01 -7.351901145740867560e-02 -2.658419712385611845e-03 1.148017141208578645e-02 -4.565524459140525571e-03 1.709848877410143596e-03 2.976214510797529737e-03 5.716343238388208597e-02 6.712483101561581185e-03 1.878347250414513607e-03 -4.922486910105495285e-05 4.550621454572744383e-03 1.445478311034962583e-03
-1.434147101160203608e-01 2.791899828461493760e-01 6.221496893141643669e-01 -2.504745966460181772e-01 -2.363315879748206783e-02 -2.887088271924964644e-01 -9.733282792719905041e-02 8.767927037168211923e-02 8.619420961465171227e-02 8.894865486341164973e-02 -8.130998717428074285e-02 -5.238263245742234842e-02 -4.369752828306703446e-02 -1.496928365312423861e-02 1.513744664474494205e-02 -1.038423044944545778e-02 7.693248376828444720e-04 5.517839575711197542e-03 6.712483101561581185e-03 3.376626391084910916e-02 5.765368995408299939e-03 -3.279426743109319954e-03 -3.885016074779643340e-04 6.796567236123177158e-05
1.438831795014504200e+00 -2.483482004328673165e-01 4.626791405083515718e-01 2.575546782854033490e-01 1.067819357905665928e-01 2.017988805935717195e-02 2.118979278029078581e-02 9.709212838987645033e-02 1.454806257549504656e-01 8.195317184635367291e-02 4.261079034865156157e-02 -1.522817353221234647e-02 -1.364205894382977333e-02 2.438592722011108382e-02 1.080649113529481668e-02 -1.113140310993821283e-02 -5.164735463947050208e-03 -1.407451988787088767e-03 1.878347250414513607e-03 5.765368995408299939e-03 1.699752452155675261e-02 -1.556816618172540212e-03 5.152647074994740235e-04 -7.486811928261165750e-04
-2.425453038384181026e-01 5.654408855254587918e-01 6.734580416843637118e-02 2.760925487694405600e-01 -9.686439450847725285e-03 -5.936951558918542732e-03 1.198017325446224489e-02 2.274118453031925835e-02 -9.240322164362842206e-02 -4.361839811781146464e-02 5.048214743294485727e-04 2.717493537841781867e-02 -1.139319679614870205e-03 -6.682936266354472764e-03 8.670079410784941459e-04 -1.358587542177642918e-03 8.598271295642366920e-04 1.902035877289246077e-03 -4.922486910105495285e-05 -3.279426743109319954e-03 -1.556816618172540212e-03 1.250048736516199376e-02 4.296684429379049944e-03 2.564216297003865316e-03
4.447507349401206428e-02 5.271149170246290927e-01 4.666881379925565815e-02 7.904143854426694260e-02 6.198391159712562937e-02 2.013297089216520286e-01 -1.699344110270911007e-02 1.556106984933117998e-01 5.008070886100599028e-02 1.862145815902558135e-02 -1.225917903238667693e-02 -1.356502392694958724e-02 -9.168106037435619360e-03 4.484082210061352339e-03 -5.566687470266332670e-03 5.584621702244961516e-03 2.515899254791555736e-03 1.165607649204803342e-03 4.550621454572744383e-03 -3.885016074779643340e-04 5.152647074994740235e-04 4.296684429379049944e-03 7.778737345355318106e-03 3.785491217709029826e-03
-1.207170566838001030e-01 -2.351825892127841489e-01 -1.056052982289603509e-01 -1.196120150079381245e-01 -5.595475585800613327e-02 5.602654001627496716e-02 1.337191623981006695e-02 5.552290949801522851e-02 8.066353313179659701e-02 2.850653369215261010e-02 -3.088919384129820006e-02 -1.574819766250895592e-02 3.878811209815347084e-04 9.342565459286356067e-03 -5.134483790208787743e-03 4.806398824280474526e-03 4.183973371074263883e-03 -3.063817451748312298e-03 1.445478311034962583e-03 6.796567236123177158e-05 -7.486811928261165750e-04 2.564216297003865316e-03 3.785491217709029826e-03 7.090009614834591641e-03
