3.002859952258115300e+03 1.023376529584406711e+02 5.772876652688992039e+01 -1.669996469860840591e+02 1.581969138671711761e+01 -7.576600512159151890e+01 6.967892279794187971e+01 -7.743595077947871630e+01 -2.969679535004990711e+01 2.365437671356005822e+01 1.096955407949642236e+01 2.150589382370043268e+01 2.330913660045288438e+00 -8.557647328282756760e+00 6.494211827563133532e+00 -2.415105652821124327e+00 7.348670261991794295e-01 4.701765976706427930e-01 -2.638203310613997377e-01 9.036938650303377729e-02 5.439946690055941225e-01 -1.020156863979034156e+00 -7.826896517980076462e-01 -1.596413682886729024e+00
1.023376529584406711e+02 1.090818526853856383e+03 -4.841949910338330199e+01 -7.976784322376109060e+01 -3.727944206994295229e+01 -2.984232478447170323e+01 -4.688728936891830124e+00 -2.068246881150417948e+01 4.104432770341666981e+01 -3.746877393159988023e-01 6.158363214825656184e-01 -1.402118566935345001e+01 -2.461318197984989631e+00 -4.402898084836466275e+00 1.930337465772525185e+00 1.335483741286500159e+00 -1.538075534161988944e+00 -6.162728360392739635e-01 5.199736026349504048e-01 1.013176815893940930e+00 -3.164540757890739187e-01 1.586840687969695574e-01 4.589342954425362775e-01 7.246423267746400221e-01
5.772876652688992039e+01 -4.841949910338330199e+01 6.354151225813651536e+02 -3.441273327744462307e+01 2.107580285984744606e+01 3.427567744698925445e+00 3.507003956621116458e+01 2.006766348041667669e+01 4.294994623513737508e+01 1.660904453342620002e+01 4.853855902089453112e-02 5.712615738536338306e+00 -7.615702434199075332e-01 1.271081373573964779e+00 -2.820009769814520784e+00 1.128476016168830087e+00 2.365908014257990022e+00 -3.748185678536433696e-02 2.569610509406427545e-01 7.047438949062483360e-01 8.344880458777748089e-01 1.613502243125782276e-01 -2.014296127157896299e-01 1.462641224325848255e-01
-1.669996469860840591e+02 -7.976784322376109060e+01 -3.441273327744462307e+01 4.225843887239851711e+02 6.307888156157807913e+01 1.377749973753964019e+00 -1.309074019888554830e+01 -1.504330783078214751e+01 -1.646378707392472052e+01 -6.114454543759247684e+00 6.589718029481342221e+00 1.699503871890248652e+00 7.359146925226891511e-01 -1.725602210753260479e+00 -3.903240169542026461e+00 -2.354885377648265887e-01 -7.764973212922653412e-01 -2.851498172630539396e-01 6.184541343858113160e-01 2.806984537136018587e-01 4.109758737350295288e-01 7.036776772194827112e-01 9.306170221518805796e-02 -2.757986940331961720e-02
1.581969138671711761e+01 -3.727944206994295229e+01 2.107580285984744606e+01 6.307888156157807913e+01 1.188402044465193370e+02 -3.094137251088801932e+01 6.170510764248095192e+00 6.636762426234310119e+00 -8.790957524793975963e+00 4.531344522114175710e+00 -1.362412475032292569e+00 2.779593510519736466e+00 1.138337246306380807e-01 -6.159256156421052397e-01 3.628680514612873664e-01 1.234785504489005342e-01 8.971307612419730793e-02 -5.284318409543772299e-01 2.752808016698957694e-01 -1.574780069577783395e-02 8.373065137964501303e-02 -2.686747031047340140e-02 -2.996828945619116058e-01 -3.634736846705547975e-01
-7.576600512159151890e+01 -2.984232478447170323e+01 3.427567744698925445e+00 1.377749973753964019e+00 -3.094137251088801932e+01 1.360684327524972730e+02 -6.586399755456366023e+00 -1.511241399920083239e+01 5.804454224960806208e+00 -1.292773978901272935e-01 3.721070898255501302e-01 -1.883305337197877183e+00 2.465126839273446002e+00 -1.056377507988964126e+00 -3.629209830975358986e-01 -2.633265698991993919e-01 -5.697755506683368498e-01 -3.009491324951490410e-01 4.645196575472521627e-01 8.193049412518405017e-02 1.961921587946159895e-01 1.063292010498368412e-01 2.133086890541172342e-01 3.084288753603061650e-01
6.967892279794187971e+01 -4.688728936891830124e+00 3.507003956621116458e+01 -1.309074019888554830e+01 6.170510764248095192e+00 -6.586399755456366023e+00 4.613734075852132577e+01 -3.128642201610232210e+00 3.705418739486127766e+00 1.905236154075474753e+00 1.375227927697345587e+00 3.763957123188259590e+00 -1.950395086763396790e+00 1.290797582486762574e+00 -4.203196371163125944e-02 -4.583601725642573177e-01 -2.443239661299338450e-01 -4.186818408997069474e-01 5.566755114663136245e-02 -2.065823942044642605e-02 5.983359591181060255e-02 -9.267723969368324433e-02 -6.969419319886679953e-02 -4.828282226648324821e-02
-7.743595077947871630e+01 -2.068246881150417948e+01 2.006766348041667669e+01 -1.504330783078214751e+01 6.636762426234310119e+00 -1.511241399920083239e+01 -3.128642201610232210e+00 5.244826575429111415e+01 5.353244834408084962e+00 -2.974968774836024732e+00 -2.889905218444551949e+00 -6.901205685893899711e-01 -6.120020702015370739e-01 5.450583924174469130e-01 -3.531454885415742373e-01 -1.212440938151308378e+00 2.975600579016418265e-02 9.371387754135648840e-02 -1.892972582487736921e-01 -2.024895235997325668e-02 -3.143558063243044876e-01 -1.300438446205991194e-01 -1.390379546149905776e-01 -1.686003217892328154e-01
-2.969679535004990711e+01 4.104432770341666981e+01 4.294994623513737508e+01 -1.646378707392472052e+01 -8.790957524793975963e+00 5.804454224960806208e+00 3.705418739486127766e+00 5.353244834408084962e+00 2.493484946047655271e+01 2.330623388139018370e+00 -1.669718446494322217e+00 -1.781039579483227886e+00 -1.619953478016543658e-01 9.672544802755232707e-02 -3.462556613905662939e-01 1.293402727803903418e-01 1.764647764370934346e-01 3.423786993974083787e-02 7.082325126533395299e-02 5.071407842887276640e-02 7.370912760911634345e-03 -5.163741750218973914e-02 -3.779744919606001230e-02 7.433851044456236956e-02
2.365437671356005822e+01 -3.746877393159988023e-01 1.660904453342620002e+01 -6.114454543759247684e+00 4.531344522114175710e+00 -1.292773978901272935e-01 1.905236154075474753e+00 -2.974968774836024732e+00 2.330623388139018370e+00 1.299661309959460631e+01 3.546672390990127655e-01 -7.522400514266168459e-02 -3.076972099421336204e-01 -4.911493431416426025e-01 4.666822373376078859e-01 2.224675409403003845e-01 3.673234994755424365e-01 -3.142085958021295644e-01 9.186193346606504051e-02 2.550991691283975224e-02 1.065947623576422865e-02 -5.132704678385213021e-02 5.823574846987765452e-02 -9.622334585988238584e-03
1.096955407949642236e+01 6.158363214825656184e-01 4.853855902089453112e-02 6.589718029481342221e+00 -1.362412475032292569e+00 3.721070898255501302e-01 1.375227927697345587e+00 -2.889905218444551949e+00 -1.669718446494322217e+00 3.546672390990127655e-01 7.285498464027838850e+00 9.885533351659981927e-01 4.029962155747980890e-01 1.485294427446635090e-01 3.862729321653984166e-02 4.656832968898442365e-02 9.325830602288272264e-02 7.729102360699241156e-03 1.067249934683946189e-01 9.190526969607207969e-03 3.826585789095252651e-03 -4.138448839724742645e-02 -4.124529207576200368e-02 3.772474655744185307e-02
2.150589382370043268e+01 -1.402118566935345001e+01 5.712615738536338306e+00 1.699503871890248652e+00 2.779593510519736466e+00 -1.883305337197877183e+00 3.763957123188259590e+00 -6.901205685893899711e-01 -1.781039579483227886e+00 -7.522400514266168459e-02 9.885533351659981927e-01 3.498993671866346578e+00 1.832853758639334252e-01 1.407070910030412403e-01 -9.689298253534976701e-02 -1.813197305551217386e-02 8.162520670307894799e-02 -1.166242096503765785e-01 2.677065321184151844e-02 4.692674168485300168e-02 5.257443142968931497e-03 -5.408604115386837254e-03 -2.232898990088554719e-02 -1.037933573540578483e-02
2.330913660045288438e+00 -2.461318197984989631e+00 -7.615702434199075332e-01 7.359146925226891511e-01 1.138337246306380807e-01 2.465126839273446002e+00 -1.950395086763396790e+00 -6.120020702015370739e-01 -1.619953478016543658e-01 -3.076972099421336204e-01 4.029962155747980890e-01 1.832853758639334252e-01 2.069178119288630047e+00 -5.284777107901850179e-01 1.675589870973614171e-01 9.050723387099726680e-02 -3.393193556369234615e-03 6.001434073786559437e-02 4.858152997238004110e-03 1.328555345356510417e-02 1.363729978590626050e-02 -1.036363638205019429e-02 -2.587663193907643530e-02 1.005774917086439853e-02
-8.557647328282756760e+00 -4.402898084836466275e+00 1.271081373573964779e+00 -1.725602210753260479e+00 -6.159256156421052397e-01 -1.056377507988964126e+00 1.290797582486762574e+00 5.450583924174469130e-01 9.672544802755232707e-02 -4.911493431416426025e-01 1.485294427446635090e-01 1.407070910030412403e-01 -5.284777107901850179e-01 9.507547822243674895e-01 -1.090723394755470921e-01 2.799092478009235913e-02 -2.896075846388581742e-03 -5.926274021074202751e-03 -2.009616000432911179e-03 -3.240509620042804242e-04 -2.663317681094349871e-03 -3.416749656768642424e-02 1.723571914885279428e-03 -1.449460071174204622e-03
6.494211827563133532e+00 1.930337465772525185e+00 -2.820009769814520784e+00 -3.903240169542026461e+00 3.628680514612873664e-01 -3.629209830975358986e-01 -4.203196371163125944e-02 -3.531454885415742373e-01 -3.462556613905662939e-01 4.666822373376078859e-01 3.862729321653984166e-02 -9.689298253534976701e-02 1.675589870973614171e-01 -1.090723394755470921e-01 6.287308312281454370e-01 2.722838876569631458e-02 2.331191022284940725e-02 -5.151923015554273066e-02 -2.685535579162376743e-02 1.182064271966356932e-02 -1.828707961914425792e-02 -1.695723917359010305e-02 1.795874155214590220e-02 -2.998123107259291834e-03
-2.415105652821124327e+00 1.335483741286500159e+00 1.128476016168830087e+00 -2.354885377648265887e-01 1.234785504489005342e-01 -2.633265698991993919e-01 -4.583601725642573177e-01 -1.212440938151308378e+00 1.293402727803903418e-01 2.224675409403003845e-01 4.656832968898442365e-02 -1.813197305551217386e-02 9.050723387099726680e-02 2.799092478009235913e-02 2.722838876569631458e-02 3.562309716165927287e-01 3.386478931654430397e-02 -1.898097968894972565e-02 5.036057584340433713e-03 1.518999253278435248e-02 8.394453189437258919e-03 6.976334367774547629e-03 1.639963038995945546e-02 1.925855688374264810e-02
7.348670261991794295e-01 -1.538075534161988944e+00 2.365908014257990022e+00 -7.764973212922653412e-01 8.971307612419730793e-02 -5.697755506683368498e-01 -2.443239661299338450e-01 2.975600579016418265e-02 1.764647764370934346e-01 3.673234994755424365e-01 9.325830602288272264e-02 8.162520670307894799e-02 -3.393193556369234615e-03 -2.896075846388581742e-03 2.331191022284940725e-02 3.386478931654430397e-02 1.850667945129071401e-01 -5.077413232682102991e-03 1.166941895339966562e-02 1.749872341116096366e-02 -4.992585726582984655e-03 4.942985088331073792e-03 5.741423476367828703e-03 4.579291600198158625e-03
4.701765976706427930e-01 -6.162728360392739635e-01 -3.748185678536433696e-02 -2.851498172630539396e-01 -5.284318409543772299e-01 -3.009491324951490410e-01 -4.186818408997069474e-01 9.371387754135648840e-02 3.423786993974083787e-02 -3.142085958021295644e-01 7.729102360699241156e-03 -1.166242096503765785e-01 6.001434073786559437e-02 -5.926274021074202751e-03 -5.151923015554273066e-02 -1.898097968894972565e-02 -5.077413232682102991e-03 1.259485764419153164e-01 4.268918680526147605e-03 3.944372686002313791e-03 6.048870032059344357e-03 -3.773122219732498212e-04 -6.117443524610245188e-03 1.868828977818370006e-03
-2.638203310613997377e-01 5.199736026349504048e-01 2.569610509406427545e-01 6.184541343858113160e-01 2.752808016698957694e-01 4.645196575472521627e-01 5.566755114663136245e-02 -1.892972582487736921e-01 7.082325126533395299e-02 9.186193346606504051e-02 1.067249934683946189e-01 2.677065321184151844e-02 4.858152997238004110e-03 -2.009616000432911179e-03 -2.685535579162376743e-02 5.036057584340433713e-03 1.166941895339966562e-02 4.268918680526147605e-03 5.688792646231900091e-02 1.587730540668191512e-02 7.550068814654795069e-03 2.172253698746212224e-03 -3.331062213599408645e-03 2.828441537628544663e-03
9.036938650303377729e-02 1.013176815893940930e+00 7.047438949062483360e-01 2.806984537136018587e-01 -1.574780069577783395e-02 8.193049412518405017e-02 -2.065823942044642605e-02 -2.024895235997325668e-02 5.071407842887276640e-02 2.550991691283975224e-02 9.190526969607207969e-03 4.692674168485300168e-02 1.328555345356510417e-02 -3.240509620042804242e-04 1.182064271966356932e-02 1.518999253278435248e-02 1.749872341116096366e-02 3.944372686002313791e-03 1.587730540668191512e-02 3.492090116513808795e-02 1.364136790411128210e-03 2.827444665222873560e-04 1.955615363675192945e-04 2.264976967184104649e-03
5.439946690055941225e-01 -3.164540757890739187e-01 8.344880458777748089e-01 4.109758737350295288e-01 8.373065137964501303e-02 1.961921587946159895e-01 5.983359591181060255e-02 -3.143558063243044876e-01 7.370912760911634345e-03 1.065947623576422865e-02 3.826585789095252651e-03 5.257443142968931497e-03 1.363729978590626050e-02 -2.663317681094349871e-03 -1.828707961914425792e-02 8.394453189437258919e-03 -4.992585726582984655e-03 6.048870032059344357e-03 7.550068814654795069e-03 1.364136790411128210e-03 1.904852476256743352e-02 3.972304643653689661e-03 -5.011292179875699495e-04 1.257100276074211379e-04
-1.020156863979034156e+00 1.586840687969695574e-01 1.613502243125782276e-01 7.036776772194827112e-01 -2.686747031047340140e-02 1.063292010498368412e-01 -9.267723969368324433e-02 -1.300438446205991194e-01 -5.163741750218973914e-02 -5.132704678385213021e-02 -4.138448839724742645e-02 -5.408604115386837254e-03 -1.036363638205019429e-02 -3.416749656768642424e-02 -1.695723917359010305e-02 6.976334367774547629e-03 4.942985088331073792e-03 -3.773122219732498212e-04 2.172253698746212224e-03 2.827444665222873560e-04 3.972304643653689661e-03 1.625867413889766147e-02 6.196584268342972615e-03 5.465685371811705197e-03
-7.826896517980076462e-01 4.589342954425362775e-01 -2.014296127157896299e-01 9.306170221518805796e-02 -2.996828945619116058e-01 2.133086890541172342e-01 -6.969419319886679953e-02 -1.390379546149905776e-01 -3.779744919606001230e-02 5.823574846987765452e-02 -4.124529207576200368e-02 -2.232898990088554719e-02 -2.587663193907643530e-02 1.723571914885279428e-03 1.795874155214590220e-02 1.639963038995945546e-02 5.741423476367828703e-03 -6.117443524610245188e-03 -3.331062213599408645e-03 1.955615363675192945e-04 -5.011292179875699495e-04 6.196584268342972615e-03 1.324638791317579202e-02 7.176669939870017854e-03
-1.596413682886729024e+00 7.246423267746400221e-01 1.462641224325848255e-01 -2.757986940331961720e-02 -3.634736846705547975e-01 3.084288753603061650e-01 -4.828282226648324821e-02 -1.686003217892328154e-01 7.433851044456236956e-02 -9.622334585988238584e-03 3.772474655744185307e-02 -1.037933573540578483e-02 1.005774917086439853e-02 -1.449460071174204622e-03 -2.998123107259291834e-03 1.925855688374264810e-02 4.579291600198158625e-03 1.868828977818370006e-03 2.828441537628544663e-03 2.264976967184104649e-03 1.257100276074211379e-04 5.465685371811705197e-03 7.176669939870017854e-03 1.206165230755404730e-02
