4.998007925211320980e+03 -5.455766244910583964e+02 5.679237860994035003e+01 -7.522482615455349730e+01 3.964537442011576474e+01 -1.976220461590130526e+02 9.175170351914826483e+01 -4.603076238522299235e+01 -8.239431110256023771e+01 -9.953894811721646363e+00 -5.138220218046742893e+00 1.732933921657181386e+01 2.548376801224036114e+01 -1.254328414976530226e+01 2.698593453364270811e+00 -6.024404823192434755e+00 1.408467001963596310e+00 5.614814682924932493e-02 -4.898127866129094454e-01 1.673651283120612510e+00 7.882979101287684864e-01 -9.073606072382968124e-01 -9.563024468840480852e-01 -2.246408402638986779e+00
-5.455766244910583964e+02 2.064329246472784234e+03 1.484937160076680982e+02 -1.042528590465259555e+02 -1.584351384855300751e+02 2.207085358118422658e+00 6.941729446070408471e+01 6.678196604444691786e+01 1.921746429095888331e+01 -3.068509400992230596e+01 -4.497309649719181124e+00 -1.872992437311354053e+01 -1.804014857059062393e+01 3.108627279962442813e+00 3.814973135738207732e-01 5.195823252647960300e-02 -3.533531790115790550e+00 2.492303396338991117e+00 1.855132602784677509e+00 -2.158637388373550736e-01 -2.826700689025358204e-01 1.093525868699339432e+00 5.343701536927578967e-03 1.193398228097886538e+00
5.679237860994035003e+01 1.484937160076680982e+02 1.283459935516660607e+03 2.161013847685867617e+01 -2.295119266848932682e+01 -5.208228301552526140e+00 5.679915696563431737e+01 1.909775432002823337e+01 5.416147904974367577e+01 1.651790627502923314e+01 -1.816620140662978500e+00 1.186223039617084218e+01 1.248624554253656171e+01 8.648357834198413530e-01 -5.202547128138389709e+00 6.477721943840749397e+00 1.396312137585336233e+00 -2.844691157817395233e+00 -1.157905789812312181e+00 5.550180474204854386e-01 6.927381916323767097e-01 8.808569226388209827e-01 1.917508437228405971e-01 3.975421500522798857e-01
-7.522482615455349730e+01 -1.042528590465259555e+02 2.161013847685867617e+01 7.756229160632873345e+02 6.080839424824661421e+01 -6.331116618685778263e+01 -6.620421116255616312e+01 -2.296690289068730095e+01 -1.544610222109589648e+00 -1.365166836035079001e+01 7.593411050687125519e-01 5.892386776297239948e+00 -1.092217236887091714e+00 -7.977542088763767136e-01 -5.433851945460686395e+00 -4.399991271032017703e-01 2.191500680811919288e+00 -3.369835063526742114e-01 -1.214824864384141279e+00 -7.914381592169413837e-01 8.800162465222739760e-02 1.070651707256495166e+00 7.027065782263524074e-01 4.096987872628506805e-02
3.964537442011576474e+01 -1.584351384855300751e+02 -2.295119266848932682e+01 6.080839424824661421e+01 3.050804928423435740e+02 -7.589697493680748197e-01 1.166926022875551894e+01 1.181425293619401096e+01 6.788314419590522064e+00 1.314910004221037276e+01 -7.814923139768225058e-01 6.362177581976397711e+00 1.518733761789656578e+00 -1.561292142999410437e+00 5.862712721181715381e-01 -2.428460348668217250e+00 1.006853384884625502e+00 3.664876391119286092e-01 1.274142219253810104e+00 1.940568612859646658e-01 -1.559136511460690599e-01 -6.957020103612553130e-02 -3.201226968458253941e-01 -4.039400853600405017e-01
-1.976220461590130526e+02 2.207085358118422658e+00 -5.208228301552526140e+00 -6.331116618685778263e+01 -7.589697493680748197e-01 2.206731842737748082e+02 -4.028816266625293707e+01 -3.776619216577886817e+01 -1.329187596075483313e+01 -2.026268316636813172e+00 8.168084620348050606e-01 -2.952064399850737875e+00 2.710700013393842145e+00 -4.909022865830585114e-01 1.786276567115544500e+00 3.750298806498754689e-01 5.154054389039732786e-01 -6.009334545885753887e-01 1.612416256090901667e+00 2.607926679663047920e-01 1.492236832043828398e-01 -1.197219683663017786e-01 2.038057496833089732e-01 1.353844109188544372e-02
9.175170351914826483e+01 6.941729446070408471e+01 5.679915696563431737e+01 -6.620421116255616312e+01 1.166926022875551894e+01 -4.028816266625293707e+01 1.300694606066612380e+02 4.812492679956294239e+01 1.869719801432722406e+01 7.250501336951864495e+00 6.064376261558553693e+00 6.304538612403520759e+00 -2.015191755653602979e+00 1.169380615710683191e+00 3.855324293360384846e-01 -1.751321898665599397e+00 -8.859716249435303781e-02 -1.134931382927641730e+00 1.387630246708048132e-01 -1.126162836973880060e-01 -1.096076704877123886e-01 -2.426150939062041711e-01 -1.890741295074629957e-01 -3.765317437168264059e-01
-4.603076238522299235e+01 6.678196604444691786e+01 1.909775432002823337e+01 -2.296690289068730095e+01 1.181425293619401096e+01 -3.776619216577886817e+01 4.812492679956294239e+01 8.302761829886824785e+01 9.971577341431109076e+00 6.954287981380812056e+00 8.375523121252232972e-01 4.078483842843076523e+00 -2.009105407929927534e+00 -1.672699633922112517e+00 -6.063738739127479960e-01 -1.308324675860852215e+00 -3.955475639318382225e-02 2.376680835935175151e-01 -2.392166240958405743e-01 -1.504502008677033710e-03 -2.863896958472670895e-01 4.346099384903499840e-02 -1.987231655885544901e-01 -1.961835595422612710e-01
-8.239431110256023771e+01 1.921746429095888331e+01 5.416147904974367577e+01 -1.544610222109589648e+00 6.788314419590522064e+00 -1.329187596075483313e+01 1.869719801432722406e+01 9.971577341431109076e+00 4.234017190582148515e+01 2.854094310148735936e+00 -8.653055886654532625e-01 5.768819056277462165e-01 -9.454581474174168498e-01 -1.416471503806039089e-01 -1.116605138731852631e-01 -1.327617429559609374e-01 2.462424157443983685e-01 2.320398978566483306e-01 2.706507489404745212e-02 1.069771606099403222e-01 -1.566907217892077667e-02 -4.176660046659839975e-02 -5.143728973276087517e-03 6.869028300345700333e-02
-9.953894811721646363e+00 -3.068509400992230596e+01 1.651790627502923314e+01 -1.365166836035079001e+01 1.314910004221037276e+01 -2.026268316636813172e+00 7.250501336951864495e+00 6.954287981380812056e+00 2.854094310148735936e+00 1.940052306314638741e+01 -1.339202047502210613e+00 6.549774404756791846e-01 2.403209150980215314e-01 7.212335472197323183e-01 1.065085769058285781e+00 -1.454620034191817513e-01 3.819291055943922486e-01 -1.514746789078828537e-01 2.351972382696359068e-02 5.370826887375168557e-02 6.298793988988381221e-02 -4.798603561416179414e-02 9.582990034456340123e-02 1.535690740540487584e-02
-5.138220218046742893e+00 -4.497309649719181124e+00 -1.816620140662978500e+00 7.593411050687125519e-01 -7.814923139768225058e-01 8.168084620348050606e-01 6.064376261558553693e+00 8.375523121252232972e-01 -8.653055886654532625e-01 -1.339202047502210613e+00 1.585418878759061379e+01 2.778779610146360213e+00 -7.529812200009373957e-03 -1.873917574543831899e-01 -6.732592928771691243e-01 -5.440520426513141550e-02 3.447382731346338436e-01 2.163841581144348436e-01 -5.954158759706563303e-02 -5.905261426014526971e-02 -4.750039317511873388e-02 -1.442190576859581908e-01 -4.952244064154530390e-03 9.048147674587649070e-02
1.732933921657181386e+01 -1.872992437311354053e+01 1.186223039617084218e+01 5.892386776297239948e+00 6.362177581976397711e+00 -2.952064399850737875e+00 6.304538612403520759e+00 4.078483842843076523e+00 5.768819056277462165e-01 6.549774404756791846e-01 2.778779610146360213e+00 5.028048377951554571e+00 6.094376499076517018e-01 -5.367918352342181398e-01 -5.944041440229150958e-02 1.016509209168234458e-02 2.204660573667709123e-01 -1.746501413511838685e-01 -2.208136003122245991e-02 2.827274869584391753e-02 -1.413129087073033280e-02 -2.720044311908071874e-03 -5.455503975180810844e-02 -4.592130286213893381e-02
2.548376801224036114e+01 -1.804014857059062393e+01 1.248624554253656171e+01 -1.092217236887091714e+00 1.518733761789656578e+00 2.710700013393842145e+00 -2.015191755653602979e+00 -2.009105407929927534e+00 -9.454581474174168498e-01 2.403209150980215314e-01 -7.529812200009373957e-03 6.094376499076517018e-01 4.275798756249531429e+00 -9.786877474252070330e-01 2.458857648830702070e-01 2.495689100554949746e-01 -2.019223363336619947e-01 -1.758879944471446188e-02 2.143913914761437500e-02 2.830670946962142789e-02 2.224633852738202439e-02 -1.344857436814800994e-02 -2.800022351096494166e-02 -1.298069397624643066e-02
-1.254328414976530226e+01 3.108627279962442813e+00 8.648357834198413530e-01 -7.977542088763767136e-01 -1.561292142999410437e+00 -4.909022865830585114e-01 1.169380615710683191e+00 -1.672699633922112517e+00 -1.416471503806039089e-01 7.212335472197323183e-01 -1.873917574543831899e-01 -5.367918352342181398e-01 -9.786877474252070330e-01 2.609874375428997695e+00 -3.592756087071520277e-01 9.038793071049211481e-02 8.547845616037198779e-02 -8.765919841695622716e-02 1.389461848473837018e-02 4.529176864804287245e-02 5.263855956018905109e-03 -3.075066357262268638e-02 1.149534902310324694e-02 -4.199052547108398509e-03
2.698593453364270811e+00 3.814973135738207732e-01 -5.202547128138389709e+00 -5.433851945460686395e+00 5.862712721181715381e-01 1.786276567115544500e+00 3.855324293360384846e-01 -6.063738739127479960e-01 -1.116605138731852631e-01 1.065085769058285781e+00 -6.732592928771691243e-01 -5.944041440229150958e-02 2.458857648830702070e-01 -3.592756087071520277e-01 1.771390891080011798e+00 -1.001231297678644057e-02 -6.588632949125501799e-03 -4.175951390671813618e-02 6.733612429536026470e-03 1.242830266607535677e-02 -3.295809505893400326e-02 -2.499964138217064188e-02 1.752882466079937890e-02 8.855005327185316161e-03
-6.024404823192434755e+00 5.195823252647960300e-02 6.477721943840749397e+00 -4.399991271032017703e-01 -2.428460348668217250e+00 3.750298806498754689e-01 -1.751321898665599397e+00 -1.308324675860852215e+00 -1.327617429559609374e-01 -1.454620034191817513e-01 -5.440520426513141550e-02 1.016509209168234458e-02 2.495689100554949746e-01 9.038793071049211481e-02 -1.001231297678644057e-02 5.987462328782963139e-01 -4.988076469234555693e-02 -2.771184940051852480e-02 -2.776279280710013120e-02 -1.600885655067482271e-03 2.152788940812690524e-02 1.089171716648965754e-02 8.721344786318703524e-03 5.842240222891697567e-03
1.408467001963596310e+00 -3.533531790115790550e+00 1.396312137585336233e+00 2.191500680811919288e+00 1.006853384884625502e+00 5.154054389039732786e-01 -8.859716249435303781e-02 -3.955475639318382225e-02 2.462424157443983685e-01 3.819291055943922486e-01 3.447382731346338436e-01 2.204660573667709123e-01 -2.019223363336619947e-01 8.547845616037198779e-02 -6.588632949125501799e-03 -4.988076469234555693e-02 2.984895371900455618e-01 -4.422037031654698150e-03 2.441116427841296885e-02 2.013224823267272673e-02 -1.628941374046500787e-02 -7.999859074613304907e-04 6.954357044411228587e-03 9.132404734379994532e-03
5.614814682924932493e-02 2.492303396338991117e+00 -2.844691157817395233e+00 -3.369835063526742114e-01 3.664876391119286092e-01 -6.009334545885753887e-01 -1.134931382927641730e+00 2.376680835935175151e-01 2.320398978566483306e-01 -1.514746789078828537e-01 2.163841581144348436e-01 -1.746501413511838685e-01 -1.758879944471446188e-02 -8.765919841695622716e-02 -4.175951390671813618e-02 -2.771184940051852480e-02 -4.422037031654698150e-03 2.067747299492501134e-01 -2.839417802626107226e-02 5.890919955930933039e-03 -1.282348158012574027e-02 -1.047839672185644881e-02 -1.505407488629101169e-02 9.085402630168120178e-03
-4.898127866129094454e-01 1.855132602784677509e+00 -1.157905789812312181e+00 -1.214824864384141279e+00 1.274142219253810104e+00 1.612416256090901667e+00 1.387630246708048132e-01 -2.392166240958405743e-01 2.706507489404745212e-02 2.351972382696359068e-02 -5.954158759706563303e-02 -2.208136003122245991e-02 2.143913914761437500e-02 1.389461848473837018e-02 6.733612429536026470e-03 -2.776279280710013120e-02 2.441116427841296885e-02 -2.839417802626107226e-02 1.419054101226999709e-01 1.228342080477697225e-02 -1.694720583957124230e-03 8.789592822469017089e-03 7.714886180894226040e-04 1.881148298108490172e-03
1.673651283120612510e+00 -2.158637388373550736e-01 5.550180474204854386e-01 -7.914381592169413837e-01 1.940568612859646658e-01 2.607926679663047920e-01 -1.126162836973880060e-01 -1.504502008677033710e-03 1.069771606099403222e-01 5.370826887375168557e-02 -5.905261426014526971e-02 2.827274869584391753e-02 2.830670946962142789e-02 4.529176864804287245e-02 1.242830266607535677e-02 -1.600885655067482271e-03 2.013224823267272673e-02 5.890919955930933039e-03 1.228342080477697225e-02 5.133709372236717333e-02 -3.661225220363766887e-03 -3.347770829968942877e-03 2.002530899688102425e-04 2.761056759384079504e-03
7.882979101287684864e-01 -2.826700689025358204e-01 6.927381916323767097e-01 8.800162465222739760e-02 -1.559136511460690599e-01 1.492236832043828398e-01 -1.096076704877123886e-01 -2.863896958472670895e-01 -1.566907217892077667e-02 6.298793988988381221e-02 -4.750039317511873388e-02 -1.413129087073033280e-02 2.224633852738202439e-02 5.263855956018905109e-03 -3.295809505893400326e-02 2.152788940812690524e-02 -1.628941374046500787e-02 -1.282348158012574027e-02 -1.694720583957124230e-03 -3.661225220363766887e-03 2.944126987253584474e-02 -3.135465470005130342e-03 1.033833435145963594e-03 -3.500286944520290561e-03
-9.073606072382968124e-01 1.093525868699339432e+00 8.808569226388209827e-01 1.070651707256495166e+00 -6.957020103612553130e-02 -1.197219683663017786e-01 -2.426150939062041711e-01 4.346099384903499840e-02 -4.176660046659839975e-02 -4.798603561416179414e-02 -1.442190576859581908e-01 -2.720044311908071874e-03 -1.344857436814800994e-02 -3.075066357262268638e-02 -2.499964138217064188e-02 1.089171716648965754e-02 -7.999859074613304907e-04 -1.047839672185644881e-02 8.789592822469017089e-03 -3.347770829968942877e-03 -3.135465470005130342e-03 2.503033409605436022e-02 6.711470840768125022e-03 4.239290315168643512e-03
-9.563024468840480852e-01 5.343701536927578967e-03 1.917508437228405971e-01 7.027065782263524074e-01 -3.201226968458253941e-01 2.038057496833089732e-01 -1.890741295074629957e-01 -1.987231655885544901e-01 -5.143728973276087517e-03 9.582990034456340123e-02 -4.952244064154530390e-03 -5.455503975180810844e-02 -2.800022351096494166e-02 1.149534902310324694e-02 1.752882466079937890e-02 8.721344786318703524e-03 6.954357044411228587e-03 -1.505407488629101169e-02 7.714886180894226040e-04 2.002530899688102425e-04 1.033833435145963594e-03 6.711470840768125022e-03 1.790183199461896357e-02 8.625481879470589183e-03
-2.246408402638986779e+00 1.193398228097886538e+00 3.975421500522798857e-01 4.096987872628506805e-02 -4.039400853600405017e-01 1.353844109188544372e-02 -3.765317437168264059e-01 -1.961835595422612710e-01 6.869028300345700333e-02 1.535690740540487584e-02 9.048147674587649070e-02 -4.592130286213893381e-02 -1.298069397624643066e-02 -4.199052547108398509e-03 8.855005327185316161e-03 5.842240222891697567e-03 9.132404734379994532e-03 9.085402630168120178e-03 1.881148298108490172e-03 2.761056759384079504e-03 -3.500286944520290561e-03 4.239290315168643512e-03 8.625481879470589183e-03 1.515285341891976778e-02
