5.593429549744634642e+03 2.316923252304287359e+02 5.960100167716407071e+01 -5.202088314066611474e+02 -1.814975723067656332e+01 -2.310951906523987986e+02 1.493706477047460908e+02 -1.817610850522768544e+02 -7.718113808482804927e+01 3.357858084146796074e+01 1.753813319753862032e+01 3.133805094116569023e+01 1.444848160025643313e+00 -1.485071972723988409e+01 1.009489973526359563e+01 -6.094893512107195654e+00 9.841427894194459958e-01 6.178397772411621247e-01 -3.938775630713693965e-01 1.456780835938105423e-01 7.920585331778375870e-01 -9.172906541878628195e-01 -5.004314146250491424e-01 -1.304940782452283621e+00
2.316923252304287359e+02 3.870128807168563981e+03 -2.337450470119871682e+02 -2.488431792866892920e+02 -1.142276496118390554e+02 -1.185697457254108542e+02 -1.937416871523994288e+01 -2.640850692774131403e+01 1.121030832615021637e+02 3.731788903461849660e+00 9.195413157671039173e+00 -2.711420920486735753e+01 -9.697290120719191719e+00 -9.317707921727290454e+00 5.588531003991227486e+00 2.310765454975740152e+00 -1.912934219908619671e+00 -5.494538064614140627e-01 7.411733889997510483e-01 2.166178043442063661e+00 -1.607325717871614712e+00 -1.139368732822213098e-01 4.698634815840461165e-01 1.138471890849558799e+00
5.960100167716407071e+01 -2.337450470119871682e+02 2.762873787582985642e+03 -1.731757004762302188e+02 8.437007022278686463e+01 2.682281498115050056e+01 1.073034238639327356e+02 6.548424779333782908e+01 1.265491001963774238e+02 4.674707662994960344e+01 -5.604369774451489761e+00 1.342492019916225843e+01 -3.983553028647299765e+00 3.453265621815633679e+00 -7.943737001742212200e+00 3.700078081514436068e+00 5.297513168178032750e+00 -1.423790414206426158e-01 8.671711727663563574e-01 1.584124840383386301e+00 1.829838994220417181e+00 3.286937663969641266e-01 -5.529919889098386943e-01 4.741069547489276670e-02
-5.202088314066611474e+02 -2.488431792866892920e+02 -1.731757004762302188e+02 2.029193391209541005e+03 2.546817273834287505e+02 -7.326809546155873321e+00 -5.600702552251728150e+01 -4.009744397947869743e+01 -5.187777712202801439e+01 -2.046961303341021576e+01 2.082615926739492451e+01 5.494565852031820796e+00 3.829047454460770883e+00 -2.818499388138532069e+00 -9.037662577885027915e+00 -1.614494093830237120e-01 -2.127055132607938770e+00 3.837941030224171213e-01 1.597892823917369531e+00 8.530735825772030045e-01 1.179922039052649474e+00 2.123443901089581587e+00 4.978395343230986869e-01 2.988816977303095923e-01
-1.814975723067656332e+01 -1.142276496118390554e+02 8.437007022278686463e+01 2.546817273834287505e+02 4.841498225009640919e+02 -1.099101837419599548e+02 1.653670842913219730e+01 2.086777116612524452e+01 -2.629174679387494606e+01 1.103349828549351841e+01 -1.924115900552099578e+00 7.177911045793575084e+00 1.527976431427954696e+00 -1.613769220236925817e-01 1.117805418382853633e+00 7.932891569744425775e-01 5.596219308687151450e-01 -8.658541570287803246e-01 9.261092405847269893e-01 2.807089113011613235e-01 4.955260533801560952e-01 2.498646892548653520e-01 -3.890906314996700477e-01 -3.472851026164085475e-01
-2.310951906523987986e+02 -1.185697457254108542e+02 2.682281498115050056e+01 -7.326809546155873321e+00 -1.099101837419599548e+02 4.649078816737222724e+02 -1.965854830627059968e+01 -4.333195656617937175e+01 2.134542984038918334e+01 3.448430436480041106e+00 2.802599540104808717e+00 -3.441209854652241606e+00 5.936640743459768998e+00 -1.144113718827926229e+00 -4.968110113882313605e-01 -2.202059835911628072e-01 -1.157399279504810030e+00 -7.362393653184774456e-01 9.536347795106815406e-01 1.581751568897873106e-01 4.779181517534125678e-01 2.245126547795773808e-01 3.384691561994651599e-01 4.027775246068079351e-01
1.493706477047460908e+02 -1.937416871523994288e+01 1.073034238639327356e+02 -5.600702552251728150e+01 1.653670842913219730e+01 -1.965854830627059968e+01 1.459406206833580768e+02 -1.352017301943507022e+01 8.999525893033467838e+00 5.444509312907301002e+00 2.776475186150892505e+00 7.794968010160117977e+00 -4.162199989732928707e+00 2.935638054368445715e+00 1.604946577717197564e-01 -9.093570139381963457e-01 -5.028616455312041600e-01 -7.786032989207187782e-01 2.100493314250363730e-01 2.074633887523645928e-02 1.461799910054637497e-01 -1.687501514201145136e-01 -1.715442401081706258e-01 -1.741996782891728490e-01
-1.817610850522768544e+02 -2.640850692774131403e+01 6.548424779333782908e+01 -4.009744397947869743e+01 2.086777116612524452e+01 -4.333195656617937175e+01 -1.352017301943507022e+01 1.234741473784103363e+02 1.211471322218119262e+01 -8.201726445249066799e+00 -5.074662940009548429e+00 -1.221842112311123385e+00 -1.419801200264573904e+00 7.253387992694723119e-01 -6.926608594261491891e-01 -1.899120500102512654e+00 3.345947304321724713e-01 2.649843840306870812e-01 -2.128371177878598253e-01 5.842690881439070727e-02 -4.826794428453261565e-01 -1.465831596039987583e-01 -1.272660214748994600e-01 -1.290752956410449737e-01
-7.718113808482804927e+01 1.121030832615021637e+02 1.265491001963774238e+02 -5.187777712202801439e+01 -2.629174679387494606e+01 2.134542984038918334e+01 8.999525893033467838e+00 1.211471322218119262e+01 5.358929106505541284e+01 3.796737857678777583e+00 -3.266892892612089483e+00 -3.015692740069385369e+00 -7.720940307233599142e-01 3.319459247984110073e-01 -5.634608907405954659e-01 2.531835031377759337e-01 2.695006356268296321e-01 6.634048375185443158e-02 1.085553164431738160e-01 9.860178384076662139e-02 -2.734840109100861866e-02 -1.358247632249345860e-01 -1.126620229738140577e-01 4.093075869237981085e-02
3.357858084146796074e+01 3.731788903461849660e+00 4.674707662994960344e+01 -2.046961303341021576e+01 1.103349828549351841e+01 3.448430436480041106e+00 5.444509312907301002e+00 -8.201726445249066799e+00 3.796737857678777583e+00 2.480698089341623458e+01 8.393805625783782309e-01 8.784306081575017633e-02 -6.257291665065068953e-01 -4.880411814992400843e-01 7.714455031719686939e-01 2.472704814437941545e-01 5.673064899963746743e-01 -5.490821489507476949e-01 1.446759557633173765e-01 6.762197339499946558e-02 1.263780660080350560e-02 -9.491218083802377414e-02 6.853075100814134957e-02 -1.561081597288135545e-02
1.753813319753862032e+01 9.195413157671039173e+00 -5.604369774451489761e+00 2.082615926739492451e+01 -1.924115900552099578e+00 2.802599540104808717e+00 2.776475186150892505e+00 -5.074662940009548429e+00 -3.266892892612089483e+00 8.393805625783782309e-01 1.318885866297039122e+01 2.167458105679935354e+00 8.163227415678457888e-01 5.610734699542231363e-01 1.998834794152062333e-01 1.270243327295511593e-01 2.301043975630068239e-01 4.681839242928888256e-02 1.947307709066107839e-01 8.643213088125900612e-02 3.258047614339511927e-02 -3.185563823451890292e-02 -5.599160001942220938e-02 4.901726985381028162e-02
3.133805094116569023e+01 -2.711420920486735753e+01 1.342492019916225843e+01 5.494565852031820796e+00 7.177911045793575084e+00 -3.441209854652241606e+00 7.794968010160117977e+00 -1.221842112311123385e+00 -3.015692740069385369e+00 8.784306081575017633e-02 2.167458105679935354e+00 5.645144033025344399e+00 4.922661113618054807e-01 3.868851840463269354e-01 -5.912553917772579021e-02 7.220807081792464388e-02 1.601304944986416956e-01 -1.322590069591677575e-01 7.167702518808502510e-02 9.367738590389661224e-02 2.731556870061511641e-02 1.661494317019123965e-02 -1.877013539352097651e-02 1.483478638276562907e-02
1.444848160025643313e+00 -9.697290120719191719e+00 -3.983553028647299765e+00 3.829047454460770883e+00 1.527976431427954696e+00 5.936640743459768998e+00 -4.162199989732928707e+00 -1.419801200264573904e+00 -7.720940307233599142e-01 -6.257291665065068953e-01 8.163227415678457888e-01 4.922661113618054807e-01 2.721513073494826518e+00 -5.883859293261944901e-01 2.225321172089878563e-01 1.126460998636697741e-01 1.328684690248806144e-02 7.801093965150773801e-02 2.903442252018225908e-02 3.920748602454389442e-02 2.537656171547326284e-02 -5.571292947344120942e-03 -2.722602449547119330e-02 2.175550810943296248e-02
-1.485071972723988409e+01 -9.317707921727290454e+00 3.453265621815633679e+00 -2.818499388138532069e+00 -1.613769220236925817e-01 -1.144113718827926229e+00 2.935638054368445715e+00 7.253387992694723119e-01 3.319459247984110073e-01 -4.880411814992400843e-01 5.610734699542231363e-01 3.868851840463269354e-01 -5.883859293261944901e-01 1.295582012592052523e+00 -7.014124074887385929e-02 8.648016766046721926e-02 2.137159981371371947e-02 -2.518925408512432632e-03 1.664690984583946931e-02 2.589401836282739094e-02 1.492218193153170037e-02 -2.901448230143422596e-02 1.269559632222496022e-02 5.378168433815055070e-03
1.009489973526359563e+01 5.588531003991227486e+00 -7.943737001742212200e+00 -9.037662577885027915e+00 1.117805418382853633e+00 -4.968110113882313605e-01 1.604946577717197564e-01 -6.926608594261491891e-01 -5.634608907405954659e-01 7.714455031719686939e-01 1.998834794152062333e-01 -5.912553917772579021e-02 2.225321172089878563e-01 -7.014124074887385929e-02 8.482638475006896162e-01 5.325445938603470125e-02 3.548065919827506770e-02 -5.908926024323234855e-02 -2.269773031549269376e-02 1.723069742086363182e-02 -2.145110445175721012e-02 -2.260240255661438019e-02 1.743809381047127516e-02 -7.840850098645579455e-03
-6.094893512107195654e+00 2.310765454975740152e+00 3.700078081514436068e+00 -1.614494093830237120e-01 7.932891569744425775e-01 -2.202059835911628072e-01 -9.093570139381963457e-01 -1.899120500102512654e+00 2.531835031377759337e-01 2.472704814437941545e-01 1.270243327295511593e-01 7.220807081792464388e-02 1.126460998636697741e-01 8.648016766046721926e-02 5.325445938603470125e-02 4.395870719015067540e-01 4.674571571464410102e-02 -1.633439731124620292e-02 9.489360491126384856e-03 2.345949351118670201e-02 1.253417029625742730e-02 6.511172221390376484e-03 1.502096717605039093e-02 1.435336530928482679e-02
9.841427894194459958e-01 -1.912934219908619671e+00 5.297513168178032750e+00 -2.127055132607938770e+00 5.596219308687151450e-01 -1.157399279504810030e+00 -5.028616455312041600e-01 3.345947304321724713e-01 2.695006356268296321e-01 5.673064899963746743e-01 2.301043975630068239e-01 1.601304944986416956e-01 1.328684690248806144e-02 2.137159981371371947e-02 3.548065919827506770e-02 4.674571571464410102e-02 2.430195906525297322e-01 -6.634316505530236073e-03 2.040774843403651492e-02 2.699347749211460784e-02 -5.679375859621156770e-03 5.030824200813542590e-03 5.264581320274575038e-03 4.119962650491898644e-03
6.178397772411621247e-01 -5.494538064614140627e-01 -1.423790414206426158e-01 3.837941030224171213e-01 -8.658541570287803246e-01 -7.362393653184774456e-01 -7.786032989207187782e-01 2.649843840306870812e-01 6.634048375185443158e-02 -5.490821489507476949e-01 4.681839242928888256e-02 -1.322590069591677575e-01 7.801093965150773801e-02 -2.518925408512432632e-03 -5.908926024323234855e-02 -1.633439731124620292e-02 -6.634316505530236073e-03 1.576676768366352122e-01 6.621422575744978674e-03 5.084886615923782729e-03 6.070342544836329103e-03 -1.993609940965526770e-03 -1.088563753032325068e-02 -1.651693848915426971e-03
-3.938775630713693965e-01 7.411733889997510483e-01 8.671711727663563574e-01 1.597892823917369531e+00 9.261092405847269893e-01 9.536347795106815406e-01 2.100493314250363730e-01 -2.128371177878598253e-01 1.085553164431738160e-01 1.446759557633173765e-01 1.947307709066107839e-01 7.167702518808502510e-02 2.903442252018225908e-02 1.664690984583946931e-02 -2.269773031549269376e-02 9.489360491126384856e-03 2.040774843403651492e-02 6.621422575744978674e-03 7.004785249786994739e-02 2.106380751129639448e-02 8.032059318687067434e-03 7.387655783529685494e-04 -7.215214983012181379e-03 1.829574784713571293e-03
1.456780835938105423e-01 2.166178043442063661e+00 1.584124840383386301e+00 8.530735825772030045e-01 2.807089113011613235e-01 1.581751568897873106e-01 2.074633887523645928e-02 5.842690881439070727e-02 9.860178384076662139e-02 6.762197339499946558e-02 8.643213088125900612e-02 9.367738590389661224e-02 3.920748602454389442e-02 2.589401836282739094e-02 1.723069742086363182e-02 2.345949351118670201e-02 2.699347749211460784e-02 5.084886615923782729e-03 2.106380751129639448e-02 4.609304473198019142e-02 3.855165819543258151e-03 1.249444082655918513e-03 -2.144998402466952679e-04 2.230779311184419821e-03
7.920585331778375870e-01 -1.607325717871614712e+00 1.829838994220417181e+00 1.179922039052649474e+00 4.955260533801560952e-01 4.779181517534125678e-01 1.461799910054637497e-01 -4.826794428453261565e-01 -2.734840109100861866e-02 1.263780660080350560e-02 3.258047614339511927e-02 2.731556870061511641e-02 2.537656171547326284e-02 1.492218193153170037e-02 -2.145110445175721012e-02 1.253417029625742730e-02 -5.679375859621156770e-03 6.070342544836329103e-03 8.032059318687067434e-03 3.855165819543258151e-03 2.439563498052728027e-02 4.864020158883995519e-03 -8.783207230878766099e-04 1.688611155479197515e-04
-9.172906541878628195e-01 -1.139368732822213098e-01 3.286937663969641266e-01 2.123443901089581587e+00 2.498646892548653520e-01 2.245126547795773808e-01 -1.687501514201145136e-01 -1.465831596039987583e-01 -1.358247632249345860e-01 -9.491218083802377414e-02 -3.185563823451890292e-02 1.661494317019123965e-02 -5.571292947344120942e-03 -2.901448230143422596e-02 -2.260240255661438019e-02 6.511172221390376484e-03 5.030824200813542590e-03 -1.993609940965526770e-03 7.387655783529685494e-04 1.249444082655918513e-03 4.864020158883995519e-03 1.714684491752239276e-02 4.270173790634949375e-03 3.047459620737769537e-03
-5.004314146250491424e-01 4.698634815840461165e-01 -5.529919889098386943e-01 4.978395343230986869e-01 -3.890906314996700477e-01 3.384691561994651599e-01 -1.715442401081706258e-01 -1.272660214748994600e-01 -1.126620229738140577e-01 6.853075100814134957e-02 -5.599160001942220938e-02 -1.877013539352097651e-02 -2.722602449547119330e-02 1.269559632222496022e-02 1.743809381047127516e-02 1.502096717605039093e-02 5.264581320274575038e-03 -1.088563753032325068e-02 -7.215214983012181379e-03 -2.144998402466952679e-04 -8.783207230878766099e-04 4.270173790634949375e-03 1.231607412244141789e-02 3.221963112367120814e-03
-1.304940782452283621e+00 1.138471890849558799e+00 4.741069547489276670e-02 2.988816977303095923e-01 -3.472851026164085475e-01 4.027775246068079351e-01 -1.741996782891728490e-01 -1.290752956410449737e-01 4.093075869237981085e-02 -1.561081597288135545e-02 4.901726985381028162e-02 1.483478638276562907e-02 2.175550810943296248e-02 5.378168433815055070e-03 -7.840850098645579455e-03 1.435336530928482679e-02 4.119962650491898644e-03 -1.651693848915426971e-03 1.829574784713571293e-03 2.230779311184419821e-03 1.688611155479197515e-04 3.047459620737769537e-03 3.221963112367120814e-03 6.072366142692188842e-03
