5.640076626994734397e+03 1.827359706034967530e+02 1.273654411830386550e+02 -5.275935674109275624e+02 -6.537041164351633959e+00 -2.279811910962381489e+02 1.493511539549684528e+02 -1.764520912333804574e+02 -6.433269334135961515e+01 3.849192058194712018e+01 1.582394946933901458e+01 3.121898825086611140e+01 1.200013341692623081e+00 -1.424182500728253586e+01 9.381866445783353825e+00 -4.296087407685370785e+00 7.093791343699984431e-01 6.928549281017618577e-01 -7.325155060271990592e-01 8.236288230050395343e-02 6.902954467536144278e-01 -1.623012902315675632e+00 -1.226752421643661606e+00 -2.365288588181250429e+00
1.827359706034967530e+02 3.748079594111822644e+03 -1.775813737890506445e+02 -2.411893814821865192e+02 -1.109281158002236083e+02 -1.003347550890823072e+02 -1.516636803709939763e+01 -4.759616257152897134e+01 1.148039235159269538e+02 5.411757499115508629e+00 9.352271943824925771e+00 -2.743154850010630241e+01 -5.792216100364867337e+00 -9.721763024222392247e+00 4.502147175559464642e+00 3.095204606877830500e+00 -2.252889737299664130e+00 -1.126772424568446063e+00 8.693658212080779268e-01 2.429499615021490033e+00 -8.788712488287917513e-01 4.797205746237722668e-01 1.043338952566826405e+00 1.607926941582143998e+00
1.273654411830386550e+02 -1.775813737890506445e+02 2.697129156629875069e+03 -2.074595137487767147e+02 8.999125098115037247e+01 1.085329334396836565e+01 1.110672914083543361e+02 5.907463646072401531e+01 1.302319919379456508e+02 4.595254740260804738e+01 -3.786639322884429060e+00 1.222877112172177583e+01 -3.346617334665113574e+00 2.589540120077022944e+00 -6.914621447029107415e+00 2.971871181784790039e+00 5.314162635567647897e+00 -1.218262513861543550e-01 5.725824213414884012e-01 1.501105958283053710e+00 1.761151500416603177e+00 3.467182743190538319e-01 -4.195297391705677392e-01 3.767538827184042649e-01
-5.275935674109275624e+02 -2.411893814821865192e+02 -2.074595137487767147e+02 1.991959629034032787e+03 2.708311101357526809e+02 -4.253812969629152008e+00 -5.652771913032605511e+01 -4.375923355350749944e+01 -5.199643901052174755e+01 -2.036463120414303063e+01 1.930857105274341734e+01 6.422085814467317633e+00 4.518897898048435557e+00 -3.009976004557203488e+00 -8.720623352401235095e+00 5.972543653212648851e-02 -1.741823647423429877e+00 -1.274096695205730601e-01 1.517770200434051642e+00 6.566571097724014372e-01 1.008237093754206448e+00 1.848260234849772532e+00 2.559394134257621523e-01 -7.212496728777906263e-02
-6.537041164351633959e+00 -1.109281158002236083e+02 8.999125098115037247e+01 2.708311101357526809e+02 4.731966753003262056e+02 -1.072041160822999615e+02 2.024587212812663495e+01 2.099986332153133262e+01 -2.462557489701967128e+01 1.307401545603464044e+01 -2.579761100319878153e+00 8.073015183555355634e+00 1.473123029844299214e+00 -5.894596518482291270e-01 8.447811836702122656e-01 6.796512291742561329e-01 4.325927675487225565e-01 -1.009488965203888977e+00 7.339197047608772007e-01 4.890456245174253092e-02 2.099363314457348695e-01 -8.011112673639906798e-03 -6.355991765315200936e-01 -7.438828593468431727e-01
-2.279811910962381489e+02 -1.003347550890823072e+02 1.085329334396836565e+01 -4.253812969629152008e+00 -1.072041160822999615e+02 4.682681335667608096e+02 -2.507329612043563571e+01 -4.283343667839285018e+01 1.774870806473135687e+01 1.936941380512859023e+00 3.513881478272602887e+00 -3.175209785082719893e+00 5.520384871907539015e+00 -1.709564116107237686e+00 -5.580788933070253144e-01 -2.996510041604931174e-01 -1.098631952731049077e+00 -5.747169934232808641e-01 1.019115443085025108e+00 1.455906042141656975e-01 4.418945622244425109e-01 2.579658591223095709e-01 4.272551049505313170e-01 6.457541830207856881e-01
1.493511539549684528e+02 -1.516636803709939763e+01 1.110672914083543361e+02 -5.652771913032605511e+01 2.024587212812663495e+01 -2.507329612043563571e+01 1.410060696499591870e+02 -1.147030345043333455e+01 8.302418191838798478e+00 5.201805156775400008e+00 3.979225009483421172e+00 8.141515325987608520e+00 -3.801768017005197287e+00 2.729504380577320699e+00 2.512963986953598017e-01 -7.183538389030209581e-01 -4.195421719365783342e-01 -7.951689703662107034e-01 1.805000162110856066e-01 -3.091716418954739559e-02 8.784044511540133049e-02 -1.744307948061520341e-01 -1.276246619660641457e-01 -6.694752380943758130e-02
-1.764520912333804574e+02 -4.759616257152897134e+01 5.907463646072401531e+01 -4.375923355350749944e+01 2.099986332153133262e+01 -4.283343667839285018e+01 -1.147030345043333455e+01 1.242420332537689234e+02 1.117329389633860615e+01 -7.338427240251003347e+00 -5.526733392058204686e+00 -1.255026823521950607e+00 -1.449806590818790042e+00 9.009612285319549274e-01 -7.846708503561108383e-01 -2.058104161328174087e+00 3.784617657042099043e-02 1.309365627195350212e-01 -3.059953944192104758e-01 -1.310635258885983756e-02 -5.391101295515302594e-01 -2.188841900529990836e-01 -2.302784048377517212e-01 -2.682137680618359443e-01
-6.433269334135961515e+01 1.148039235159269538e+02 1.302319919379456508e+02 -5.199643901052174755e+01 -2.462557489701967128e+01 1.774870806473135687e+01 8.302418191838798478e+00 1.117329389633860615e+01 5.371494585746226846e+01 4.328779935769654585e+00 -3.009649885786721324e+00 -3.039500597791759517e+00 -5.249226071240118419e-01 1.845928119699765113e-01 -5.547252916559312075e-01 2.369150863919334549e-01 2.720015292015438013e-01 1.806252104119183965e-02 1.341631055065305722e-01 9.248708467364052943e-02 -2.099508434959834573e-03 -8.221198693685410896e-02 -5.197753405231528984e-02 1.374177573228939908e-01
3.849192058194712018e+01 5.411757499115508629e+00 4.595254740260804738e+01 -2.036463120414303063e+01 1.307401545603464044e+01 1.936941380512859023e+00 5.201805156775400008e+00 -7.338427240251003347e+00 4.328779935769654585e+00 2.462951966645298896e+01 1.078858060681474829e+00 2.500642284174572905e-01 -5.085282691012785738e-01 -7.166995274627677714e-01 8.239348675346771511e-01 3.742464585757894757e-01 5.711535189472169982e-01 -4.911433818089147030e-01 1.707122741865585158e-01 7.322295600503150870e-02 2.642845941944441113e-02 -6.911977612036059038e-02 9.287674511787223641e-02 -9.212446722260171379e-04
1.582394946933901458e+01 9.352271943824925771e+00 -3.786639322884429060e+00 1.930857105274341734e+01 -2.579761100319878153e+00 3.513881478272602887e+00 3.979225009483421172e+00 -5.526733392058204686e+00 -3.009649885786721324e+00 1.078858060681474829e+00 1.296849320205541822e+01 2.135844675891952704e+00 7.842684568877192897e-01 4.879009585781748926e-01 1.977622769251916046e-01 1.618517738928089422e-01 1.964352106645406160e-01 4.289113930331654029e-02 1.989942821295796749e-01 6.074228228048274281e-02 1.985143625249107327e-02 -4.176298742484751969e-02 -4.923517388408196749e-02 6.777087965607019038e-02
3.121898825086611140e+01 -2.743154850010630241e+01 1.222877112172177583e+01 6.422085814467317633e+00 8.073015183555355634e+00 -3.175209785082719893e+00 8.141515325987608520e+00 -1.255026823521950607e+00 -3.039500597791759517e+00 2.500642284174572905e-01 2.135844675891952704e+00 5.523495039897212244e+00 3.893283818717687139e-01 3.519814633206161392e-01 -3.332219301969126940e-02 4.759148758271709162e-02 1.525783696233897757e-01 -1.302317547873346748e-01 6.361278629526920247e-02 9.249855788728096606e-02 1.661570717438189473e-02 5.551815103433166421e-03 -2.310690152900145983e-02 -2.739236267531455684e-03
1.200013341692623081e+00 -5.792216100364867337e+00 -3.346617334665113574e+00 4.518897898048435557e+00 1.473123029844299214e+00 5.520384871907539015e+00 -3.801768017005197287e+00 -1.449806590818790042e+00 -5.249226071240118419e-01 -5.085282691012785738e-01 7.842684568877192897e-01 3.893283818717687139e-01 2.735631992346821306e+00 -6.522502905621345715e-01 2.356975600904367418e-01 1.315622705208695509e-01 -1.532952861320207075e-04 7.888959713894946879e-02 2.121742577362870086e-02 3.711675678615597440e-02 1.913827038469110078e-02 -9.372293391727347031e-03 -3.226369828042167237e-02 1.800628278928052481e-02
-1.424182500728253586e+01 -9.721763024222392247e+00 2.589540120077022944e+00 -3.009976004557203488e+00 -5.894596518482291270e-01 -1.709564116107237686e+00 2.729504380577320699e+00 9.009612285319549274e-01 1.845928119699765113e-01 -7.166995274627677714e-01 4.879009585781748926e-01 3.519814633206161392e-01 -6.522502905621345715e-01 1.290345994549236597e+00 -9.487502435547419399e-02 6.765018486740902171e-02 1.577262744673012251e-02 2.105043257534443442e-03 1.227912199735146231e-02 1.604794321776599475e-02 2.321724843402455350e-03 -3.727929590463581466e-02 4.736979449513418344e-03 2.975906317211051647e-03
9.381866445783353825e+00 4.502147175559464642e+00 -6.914621447029107415e+00 -8.720623352401235095e+00 8.447811836702122656e-01 -5.580788933070253144e-01 2.512963986953598017e-01 -7.846708503561108383e-01 -5.547252916559312075e-01 8.239348675346771511e-01 1.977622769251916046e-01 -3.332219301969126940e-02 2.356975600904367418e-01 -9.487502435547419399e-02 8.325178286077958845e-01 5.737348296882313625e-02 4.114288388925949752e-02 -5.700519362888747249e-02 -2.476463910067506352e-02 2.441312881925049305e-02 -1.890140432036528997e-02 -1.742773634836279964e-02 2.407956555878475180e-02 -3.839166740611383286e-04
-4.296087407685370785e+00 3.095204606877830500e+00 2.971871181784790039e+00 5.972543653212648851e-02 6.796512291742561329e-01 -2.996510041604931174e-01 -7.183538389030209581e-01 -2.058104161328174087e+00 2.369150863919334549e-01 3.742464585757894757e-01 1.618517738928089422e-01 4.759148758271709162e-02 1.315622705208695509e-01 6.765018486740902171e-02 5.737348296882313625e-02 4.609123913995479827e-01 5.128155320058395972e-02 -1.711208884848474179e-02 1.241751352700391081e-02 2.479317282934171210e-02 1.303686375130744084e-02 1.098623161535447305e-02 2.142986579279536341e-02 2.531239229282809117e-02
7.093791343699984431e-01 -2.252889737299664130e+00 5.314162635567647897e+00 -1.741823647423429877e+00 4.325927675487225565e-01 -1.098631952731049077e+00 -4.195421719365783342e-01 3.784617657042099043e-02 2.720015292015438013e-01 5.711535189472169982e-01 1.964352106645406160e-01 1.525783696233897757e-01 -1.532952861320207075e-04 1.577262744673012251e-02 4.114288388925949752e-02 5.128155320058395972e-02 2.336212285399389410e-01 -2.881281704277097004e-03 1.828461748392443131e-02 2.535667845391865322e-02 -4.445867215839799207e-03 7.565000920667166312e-03 7.862270674687118002e-03 6.912850140541594753e-03
6.928549281017618577e-01 -1.126772424568446063e+00 -1.218262513861543550e-01 -1.274096695205730601e-01 -1.009488965203888977e+00 -5.747169934232808641e-01 -7.951689703662107034e-01 1.309365627195350212e-01 1.806252104119183965e-02 -4.911433818089147030e-01 4.289113930331654029e-02 -1.302317547873346748e-01 7.888959713894946879e-02 2.105043257534443442e-03 -5.700519362888747249e-02 -1.711208884848474179e-02 -2.881281704277097004e-03 1.562485642026136823e-01 7.423805207014067681e-03 7.066069192056510795e-03 7.849347071134944731e-03 -1.065103495309549693e-04 -7.272087384635993190e-03 2.770976563073870597e-03
-7.325155060271990592e-01 8.693658212080779268e-01 5.725824213414884012e-01 1.517770200434051642e+00 7.339197047608772007e-01 1.019115443085025108e+00 1.805000162110856066e-01 -3.059953944192104758e-01 1.341631055065305722e-01 1.707122741865585158e-01 1.989942821295796749e-01 6.361278629526920247e-02 2.121742577362870086e-02 1.227912199735146231e-02 -2.476463910067506352e-02 1.241751352700391081e-02 1.828461748392443131e-02 7.423805207014067681e-03 7.187258807219670809e-02 2.134902548031397673e-02 1.017160827166216364e-02 3.450069900391255096e-03 -3.465035233530187365e-03 4.052580209321912305e-03
8.236288230050395343e-02 2.429499615021490033e+00 1.501105958283053710e+00 6.566571097724014372e-01 4.890456245174253092e-02 1.455906042141656975e-01 -3.091716418954739559e-02 -1.310635258885983756e-02 9.248708467364052943e-02 7.322295600503150870e-02 6.074228228048274281e-02 9.249855788728096606e-02 3.711675678615597440e-02 1.604794321776599475e-02 2.441312881925049305e-02 2.479317282934171210e-02 2.535667845391865322e-02 7.066069192056510795e-03 2.134902548031397673e-02 4.438758243895697675e-02 2.587353766995512377e-03 1.006847422071140358e-03 7.186042699291320720e-04 3.175842767603317181e-03
6.902954467536144278e-01 -8.788712488287917513e-01 1.761151500416603177e+00 1.008237093754206448e+00 2.099363314457348695e-01 4.418945622244425109e-01 8.784044511540133049e-02 -5.391101295515302594e-01 -2.099508434959834573e-03 2.642845941944441113e-02 1.985143625249107327e-02 1.661570717438189473e-02 1.913827038469110078e-02 2.321724843402455350e-03 -1.890140432036528997e-02 1.303686375130744084e-02 -4.445867215839799207e-03 7.849347071134944731e-03 1.017160827166216364e-02 2.587353766995512377e-03 2.350249245558936467e-02 5.045829816050883057e-03 -3.766381967751891279e-04 3.919387954847475047e-04
-1.623012902315675632e+00 4.797205746237722668e-01 3.467182743190538319e-01 1.848260234849772532e+00 -8.011112673639906798e-03 2.579658591223095709e-01 -1.744307948061520341e-01 -2.188841900529990836e-01 -8.221198693685410896e-02 -6.911977612036059038e-02 -4.176298742484751969e-02 5.551815103433166421e-03 -9.372293391727347031e-03 -3.727929590463581466e-02 -1.742773634836279964e-02 1.098623161535447305e-02 7.565000920667166312e-03 -1.065103495309549693e-04 3.450069900391255096e-03 1.006847422071140358e-03 5.045829816050883057e-03 1.975844955950962351e-02 7.613470369565032009e-03 6.707334305025692764e-03
-1.226752421643661606e+00 1.043338952566826405e+00 -4.195297391705677392e-01 2.559394134257621523e-01 -6.355991765315200936e-01 4.272551049505313170e-01 -1.276246619660641457e-01 -2.302784048377517212e-01 -5.197753405231528984e-02 9.287674511787223641e-02 -4.923517388408196749e-02 -2.310690152900145983e-02 -3.226369828042167237e-02 4.736979449513418344e-03 2.407956555878475180e-02 2.142986579279536341e-02 7.862270674687118002e-03 -7.272087384635993190e-03 -3.465035233530187365e-03 7.186042699291320720e-04 -3.766381967751891279e-04 7.613470369565032009e-03 1.608438785027494627e-02 8.746384363323332634e-03
-2.365288588181250429e+00 1.607926941582143998e+00 3.767538827184042649e-01 -7.212496728777906263e-02 -7.438828593468431727e-01 6.457541830207856881e-01 -6.694752380943758130e-02 -2.682137680618359443e-01 1.374177573228939908e-01 -9.212446722260171379e-04 6.777087965607019038e-02 -2.739236267531455684e-03 1.800628278928052481e-02 2.975906317211051647e-03 -3.839166740611383286e-04 2.531239229282809117e-02 6.912850140541594753e-03 2.770976563073870597e-03 4.052580209321912305e-03 3.175842767603317181e-03 3.919387954847475047e-04 6.707334305025692764e-03 8.746384363323332634e-03 1.451564968243074412e-02
