5.630079719123231371e+03 -7.780463649229455996e+02 3.879624614598133689e+02 -3.729664842368313771e+01 -2.536057468172737117e+02 7.349478047794427482e+01 -6.654979589279865770e+00 3.536576335230071066e+01 4.866780493791667084e+01 2.631907408661278325e+01 -4.010221820651868541e+01 1.422313428052807538e+01 -1.939988065758762303e+01 -1.824288444226503003e+01 -2.570691210584844910e+01 -1.052571967612224313e+01 -2.401186086042720103e+00 3.177912901617169883e+00 -5.394440925476954085e+00 -1.007692862000180156e-01 3.544679540494706238e+00 -1.282727814542779232e-01 -1.209069755670064833e-02 -3.248533607125888567e-01
-7.780463649229455996e+02 2.794598664169220228e+03 -2.989427981875332421e+02 1.544049580992379731e+02 -7.572021441589932067e+01 -5.223666316712427715e+01 -8.256953458242770694e+01 3.213459532406942998e+01 2.632319309154871334e+01 -3.419052447427473140e+01 7.332736668844344052e+00 -1.904223092463835343e+01 -4.258234412992492501e+00 3.238682266470990445e+00 4.421116909702874409e+00 -6.512858804668764101e-01 6.842701772597813425e-01 2.171129699996070972e+00 1.923896909059947147e+00 6.234137037333739029e-01 9.580338338158072009e-01 -1.808853129510950841e-01 9.397029394532801713e-03 -4.490233604714744531e-01
3.879624614598133689e+02 -2.989427981875332421e+02 1.031429230408194599e+03 -9.850510640507977200e+01 -1.660347202540003764e+02 -2.034096340642950551e+01 2.359258137066951022e+01 2.684374054956978384e+01 8.958128733290125822e+00 -2.678699189572247619e+01 1.005106202552693695e+01 5.348470152263146815e+00 1.464531187311601590e+00 -5.405829152951610261e+00 -4.261080613590144672e+00 1.632599343340564335e+00 -4.907678434047661575e+00 -1.963476827587311568e+00 -1.286144689379745021e+00 2.788447016499433495e-01 6.789539555342817279e-01 -3.535794585418100544e-01 -1.898764236564204066e-01 2.720083708989442031e-02
-3.729664842368313771e+01 1.544049580992379731e+02 -9.850510640507977200e+01 5.339803972128497662e+02 1.283676823314520199e+01 -3.672316755618238915e+01 1.311313496105847065e+01 2.061872628476771752e+01 4.124311487957140088e+00 1.157985961789190910e+01 1.149169066798230165e+00 -1.604050425980102501e+00 4.170861110587589238e-01 8.399754653523146430e+00 -1.862149174422502051e+00 -1.450747365994470073e+00 -5.759547146339905055e-01 2.076899096182485138e+00 9.132354538883814543e-01 3.152162568189150749e-01 7.164153631893570573e-01 -4.962497845027308979e-02 6.419190638413790895e-02 -2.168498687357729993e-01
-2.536057468172737117e+02 -7.572021441589932067e+01 -1.660347202540003764e+02 1.283676823314520199e+01 4.136525667880905530e+02 7.350664894358686752e+01 5.017024251190832018e+01 3.739331475888322842e+01 -2.034513904474245294e+01 3.903816664259511349e+00 -1.022400474417598026e+01 4.513116724594553375e+00 4.715074037524899508e-02 4.711074354293936395e+00 4.051232040559412440e+00 -7.489444093862709373e-01 -3.042111972037293999e+00 -5.653557428200331469e-02 -5.241691596755589932e-01 -4.484356901679936169e-01 -7.027426209578989669e-01 -1.076731433524355103e-01 2.996421543354434447e-01 -1.626860975501271886e-02
7.349478047794427482e+01 -5.223666316712427715e+01 -2.034096340642950551e+01 -3.672316755618238915e+01 7.350664894358686752e+01 1.979656262324861018e+02 -1.671716102689570604e+01 4.003265609459916163e+00 3.880241206719767355e+00 2.066631690360531515e+00 -1.963827149152476803e+00 3.592859552067912965e+00 2.157566245882140077e+00 2.492135581401440092e+00 4.602459738135254996e-01 6.125699744157192539e-02 -1.161966979106544978e-01 6.737752929574408745e-01 3.297101783918976459e-01 -6.374549455140976484e-01 -1.846175521228536065e-01 4.006044470403814506e-01 1.624915976091534375e-01 1.954731256468890052e-02
-6.654979589279865770e+00 -8.256953458242770694e+01 2.359258137066951022e+01 1.311313496105847065e+01 5.017024251190832018e+01 -1.671716102689570604e+01 1.254653451537167541e+02 1.965276594826471879e+01 -4.230371631074339334e+00 6.449138024432151894e+00 -2.008906040487809186e+00 5.693640541874557037e+00 7.572041585584420309e-01 3.098645786363127264e-01 -2.684698831734412816e-01 -3.296648126035187087e-02 -1.226333298252078929e+00 -2.798357573376109020e-01 -2.133941664874444699e-01 5.200192699535777924e-02 8.526020815446105905e-02 1.719353305760560613e-01 1.659984987384501287e-01 8.863829916017502975e-02
3.536576335230071066e+01 3.213459532406942998e+01 2.684374054956978384e+01 2.061872628476771752e+01 3.739331475888322842e+01 4.003265609459916163e+00 1.965276594826471879e+01 9.130639415223545541e+01 3.978406869560656034e+00 -2.851058491491252234e+00 1.105061121189382822e+00 -1.400934664413294506e+00 1.157625510110898537e+00 -7.305489196667378504e-01 1.093449920173297896e+00 -1.773146641595246542e-01 -7.935734433614959338e-01 -5.343112668503949836e-01 1.885264485761614650e-01 1.551059490999886874e-02 3.354217954470236629e-01 -1.231209786262434519e-01 1.397046368417323436e-01 7.883916937222990029e-02
4.866780493791667084e+01 2.632319309154871334e+01 8.958128733290125822e+00 4.124311487957140088e+00 -2.034513904474245294e+01 3.880241206719767355e+00 -4.230371631074339334e+00 3.978406869560656034e+00 4.389675446885976839e+01 8.148146601297860947e-01 1.030998098530938822e+00 1.339570573310280510e+00 -4.865444622197610536e-01 -5.857284930290624914e-01 1.610191331626263489e+00 -5.573150853763010337e-01 3.644904025183574037e-01 -4.090549238044169922e-01 5.289397366169821396e-02 6.597012740534399788e-02 2.933484259216989076e-01 -7.251769082089104534e-02 -3.548266137485014959e-02 8.746427118561471425e-02
2.631907408661278325e+01 -3.419052447427473140e+01 -2.678699189572247619e+01 1.157985961789190910e+01 3.903816664259511349e+00 2.066631690360531515e+00 6.449138024432151894e+00 -2.851058491491252234e+00 8.148146601297860947e-01 2.247155162389937999e+01 -2.689618360386713647e+00 1.026186653343841959e+00 -1.260347352151943268e+00 4.181860683379923782e-01 7.867454563605285056e-01 -1.692153031477308389e-01 -7.382427791139618833e-02 2.563765797297564708e-01 2.217627279019219466e-01 -1.303597000950252882e-01 1.349237898885046749e-01 1.306001126952577862e-01 4.288447942561497001e-02 1.087142601725303859e-01
-4.010221820651868541e+01 7.332736668844344052e+00 1.005106202552693695e+01 1.149169066798230165e+00 -1.022400474417598026e+01 -1.963827149152476803e+00 -2.008906040487809186e+00 1.105061121189382822e+00 1.030998098530938822e+00 -2.689618360386713647e+00 1.405587609213578659e+01 -9.795676158764043961e-01 1.191109592767556569e+00 -3.964266322658954178e-01 7.883957904252685278e-01 5.122185968888679497e-01 2.867146427041777218e-02 -3.905693738249815111e-02 1.839085060196553878e-01 -8.987828076495894825e-02 1.232731236683634601e-02 9.112133005270264818e-02 1.486671263304422709e-02 -3.263706075993069028e-02
1.422313428052807538e+01 -1.904223092463835343e+01 5.348470152263146815e+00 -1.604050425980102501e+00 4.513116724594553375e+00 3.592859552067912965e+00 5.693640541874557037e+00 -1.400934664413294506e+00 1.339570573310280510e+00 1.026186653343841959e+00 -9.795676158764043961e-01 7.472022383508926779e+00 -6.378849118341270996e-01 5.214792081954273684e-01 -2.550730362426940623e-01 -1.059656617042268045e-01 1.985586116069412987e-01 2.131224871638237317e-01 -2.035842540314905524e-01 5.250614010916442032e-02 -1.702733140941012704e-02 3.268834511989313074e-02 -4.141857723463020918e-02 -4.262408867803112178e-02
-1.939988065758762303e+01 -4.258234412992492501e+00 1.464531187311601590e+00 4.170861110587589238e-01 4.715074037524899508e-02 2.157566245882140077e+00 7.572041585584420309e-01 1.157625510110898537e+00 -4.865444622197610536e-01 -1.260347352151943268e+00 1.191109592767556569e+00 -6.378849118341270996e-01 3.682010826776981105e+00 -2.005788976721237515e-01 -3.624483075655355879e-01 1.309499681673456928e-01 1.058826711175919338e-01 -3.304683432986810915e-02 8.494588208226107329e-03 -8.179285038013041353e-02 -1.326931221219848807e-02 -1.604379073313379894e-02 -8.659740469309574681e-03 -4.094013826173884679e-02
-1.824288444226503003e+01 3.238682266470990445e+00 -5.405829152951610261e+00 8.399754653523146430e+00 4.711074354293936395e+00 2.492135581401440092e+00 3.098645786363127264e-01 -7.305489196667378504e-01 -5.857284930290624914e-01 4.181860683379923782e-01 -3.964266322658954178e-01 5.214792081954273684e-01 -2.005788976721237515e-01 2.613046924312834030e+00 -2.722209107199242140e-01 -1.344427759630495434e-01 -2.219762013816855561e-01 3.102579742176085620e-02 7.984578464749099436e-03 -1.549731823054917128e-02 2.924023483793809081e-02 7.805029385065313623e-03 1.485152795823200915e-02 2.125688911222621894e-02
-2.570691210584844910e+01 4.421116909702874409e+00 -4.261080613590144672e+00 -1.862149174422502051e+00 4.051232040559412440e+00 4.602459738135254996e-01 -2.684698831734412816e-01 1.093449920173297896e+00 1.610191331626263489e+00 7.867454563605285056e-01 7.883957904252685278e-01 -2.550730362426940623e-01 -3.624483075655355879e-01 -2.722209107199242140e-01 1.306579670005658667e+00 1.535318301328127966e-01 1.049014540079348939e-01 -8.601251228595781229e-02 4.301962576505297814e-02 -2.724345153375546183e-02 -1.888325973127582061e-02 1.340462167971647953e-02 1.934481380490945743e-02 5.104701021469502942e-03
-1.052571967612224313e+01 -6.512858804668764101e-01 1.632599343340564335e+00 -1.450747365994470073e+00 -7.489444093862709373e-01 6.125699744157192539e-02 -3.296648126035187087e-02 -1.773146641595246542e-01 -5.573150853763010337e-01 -1.692153031477308389e-01 5.122185968888679497e-01 -1.059656617042268045e-01 1.309499681673456928e-01 -1.344427759630495434e-01 1.535318301328127966e-01 5.798157351475411447e-01 -1.615837211841490012e-02 -2.068241156877591996e-02 -1.851031079657398590e-02 -2.032132109505335044e-02 -1.068289961550716177e-02 9.886237546791763753e-03 1.146551558071326124e-02 4.144713260417750254e-03
-2.401186086042720103e+00 6.842701772597813425e-01 -4.907678434047661575e+00 -5.759547146339905055e-01 -3.042111972037293999e+00 -1.161966979106544978e-01 -1.226333298252078929e+00 -7.935734433614959338e-01 3.644904025183574037e-01 -7.382427791139618833e-02 2.867146427041777218e-02 1.985586116069412987e-01 1.058826711175919338e-01 -2.219762013816855561e-01 1.049014540079348939e-01 -1.615837211841490012e-02 3.448784401690707102e-01 2.160186361166075222e-02 -6.784752708814222391e-03 -1.347269493431940864e-02 -3.260888604797073081e-03 -2.856972380686892757e-03 5.825448658444944616e-04 -8.523092834859951478e-03
3.177912901617169883e+00 2.171129699996070972e+00 -1.963476827587311568e+00 2.076899096182485138e+00 -5.653557428200331469e-02 6.737752929574408745e-01 -2.798357573376109020e-01 -5.343112668503949836e-01 -4.090549238044169922e-01 2.563765797297564708e-01 -3.905693738249815111e-02 2.131224871638237317e-01 -3.304683432986810915e-02 3.102579742176085620e-02 -8.601251228595781229e-02 -2.068241156877591996e-02 2.160186361166075222e-02 1.270029500266535716e-01 -6.720550427813659980e-03 8.162696114187559249e-03 1.144057890705910650e-02 -8.874586591596074709e-04 -4.005132825681967032e-03 -6.104371485077787762e-03
-5.394440925476954085e+00 1.923896909059947147e+00 -1.286144689379745021e+00 9.132354538883814543e-01 -5.241691596755589932e-01 3.297101783918976459e-01 -2.133941664874444699e-01 1.885264485761614650e-01 5.289397366169821396e-02 2.217627279019219466e-01 1.839085060196553878e-01 -2.035842540314905524e-01 8.494588208226107329e-03 7.984578464749099436e-03 4.301962576505297814e-02 -1.851031079657398590e-02 -6.784752708814222391e-03 -6.720550427813659980e-03 1.161393544130021882e-01 9.819377865297705676e-03 -4.018056343559438595e-03 8.713160655133271593e-03 6.844938268490839001e-03 7.890961354246621776e-03
-1.007692862000180156e-01 6.234137037333739029e-01 2.788447016499433495e-01 3.152162568189150749e-01 -4.484356901679936169e-01 -6.374549455140976484e-01 5.200192699535777924e-02 1.551059490999886874e-02 6.597012740534399788e-02 -1.303597000950252882e-01 -8.987828076495894825e-02 5.250614010916442032e-02 -8.179285038013041353e-02 -1.549731823054917128e-02 -2.724345153375546183e-02 -2.032132109505335044e-02 -1.347269493431940864e-02 8.162696114187559249e-03 9.819377865297705676e-03 6.086551446403190568e-02 5.268264531001661845e-03 -2.851855251857014772e-03 -1.482371748472687163e-03 1.313919825380153311e-03
3.544679540494706238e+00 9.580338338158072009e-01 6.789539555342817279e-01 7.164153631893570573e-01 -7.027426209578989669e-01 -1.846175521228536065e-01 8.526020815446105905e-02 3.354217954470236629e-01 2.933484259216989076e-01 1.349237898885046749e-01 1.232731236683634601e-02 -1.702733140941012704e-02 -1.326931221219848807e-02 2.924023483793809081e-02 -1.888325973127582061e-02 -1.068289961550716177e-02 -3.260888604797073081e-03 1.144057890705910650e-02 -4.018056343559438595e-03 5.268264531001661845e-03 3.112303206805874453e-02 -2.139915970390096449e-03 2.580804835688853098e-03 1.466640647933688864e-03
-1.282727814542779232e-01 -1.808853129510950841e-01 -3.535794585418100544e-01 -4.962497845027308979e-02 -1.076731433524355103e-01 4.006044470403814506e-01 1.719353305760560613e-01 -1.231209786262434519e-01 -7.251769082089104534e-02 1.306001126952577862e-01 9.112133005270264818e-02 3.268834511989313074e-02 -1.604379073313379894e-02 7.805029385065313623e-03 1.340462167971647953e-02 9.886237546791763753e-03 -2.856972380686892757e-03 -8.874586591596074709e-04 8.713160655133271593e-03 -2.851855251857014772e-03 -2.139915970390096449e-03 2.201155054692078769e-02 4.795233666085988757e-03 3.694297835299443795e-03
-1.209069755670064833e-02 9.397029394532801713e-03 -1.898764236564204066e-01 6.419190638413790895e-02 2.996421543354434447e-01 1.624915976091534375e-01 1.659984987384501287e-01 1.397046368417323436e-01 -3.548266137485014959e-02 4.288447942561497001e-02 1.486671263304422709e-02 -4.141857723463020918e-02 -8.659740469309574681e-03 1.485152795823200915e-02 1.934481380490945743e-02 1.146551558071326124e-02 5.825448658444944616e-04 -4.005132825681967032e-03 6.844938268490839001e-03 -1.482371748472687163e-03 2.580804835688853098e-03 4.795233666085988757e-03 9.547755988419438095e-03 4.485221518067791964e-03
-3.248533607125888567e-01 -4.490233604714744531e-01 2.720083708989442031e-02 -2.168498687357729993e-01 -1.626860975501271886e-02 1.954731256468890052e-02 8.863829916017502975e-02 7.883916937222990029e-02 8.746427118561471425e-02 1.087142601725303859e-01 -3.263706075993069028e-02 -4.262408867803112178e-02 -4.094013826173884679e-02 2.125688911222621894e-02 5.104701021469502942e-03 4.144713260417750254e-03 -8.523092834859951478e-03 -6.104371485077787762e-03 7.890961354246621776e-03 1.313919825380153311e-03 1.466640647933688864e-03 3.694297835299443795e-03 4.485221518067791964e-03 8.707726747161945863e-03
