5.695494220385098743e+03 -2.958791034949716163e+02 -1.328854375632922142e+02 -1.200897392951143559e+02 3.471765251256563545e+01 -1.989044760155049119e+02 1.386706984270780652e+02 -5.112326260784218590e+01 -1.050779044629215377e+02 -2.427674299128512203e+01 4.103219306848913561e+00 2.104658793277311091e+01 2.510822490656315864e+01 -5.951344649572400058e+00 1.066921416179663318e+01 -6.937871575673351998e+00 9.354168720005979765e-01 -3.019085227036559793e+00 2.399280186963993700e+00 2.161288321279408731e+00 1.217537131323894073e+00 -1.394932444146940176e+00 -1.867660334186114213e+00 -3.288779994280572438e+00
-2.958791034949716163e+02 2.026485835259955138e+03 1.654693960781589510e+02 4.812714881460605909e+01 -1.096492557208092649e+02 8.393885263310491496e+01 2.953048099595790532e+01 1.689901370685240423e+01 4.916732838759636337e+01 -2.243231883098718349e+00 2.403516002821293629e+00 -1.775572168420208641e+01 -1.252166124799926195e+01 1.905305556299996983e+00 3.123628888769245382e+00 1.841540024606559856e+00 -4.309141468283709919e+00 8.739575595610309389e-01 2.177181854586909271e+00 4.226413952574556432e-01 -3.229778356156119412e-01 1.810354850242986480e+00 9.417521306125544722e-01 1.584496082511224424e+00
-1.328854375632922142e+02 1.654693960781589510e+02 1.023976999765687879e+03 -4.799527403760749422e+01 1.413969219834963198e+01 3.738090647814915712e+01 5.284632663097905692e+01 1.147547376531318442e+01 4.816087161101324199e+01 1.153630457585973090e+01 -3.419360219776344856e+00 1.305880541748582591e+00 1.092705660232770626e+01 -2.140316444273542285e+00 -2.695243349070900241e+00 3.710119112500955385e+00 1.226473828246118725e+00 -1.641707022306029495e+00 -2.444670533614946351e+00 8.353603443553986319e-01 4.378033441610239551e-01 6.289731808523626455e-01 2.938388601871836162e-02 1.116253941883920409e-01
-1.200897392951143559e+02 4.812714881460605909e+01 -4.799527403760749422e+01 8.507540260123926146e+02 4.450963547042365320e+01 -3.642628992996476711e+01 -7.060219929023681118e+01 -7.245395281555648381e+00 -2.212369260549154504e+01 -1.060268307499785045e+01 6.741472405590242190e+00 1.040934278682983916e+01 -4.421219052351372802e+00 -5.140800434182064116e+00 -1.029894375806483353e+01 -2.581050309316091848e-02 2.445524771519925977e+00 -8.962664008852028186e-01 -7.615509259598343128e-01 -6.134206354879500056e-01 4.082086564403525353e-01 9.381992297791639235e-01 4.911226385680190210e-01 -8.690333273356068422e-02
3.471765251256563545e+01 -1.096492557208092649e+02 1.413969219834963198e+01 4.450963547042365320e+01 2.711869328573616258e+02 -8.384908762020716111e+00 2.270714674133193256e+01 1.273755372487014803e+01 6.151457167672909065e+00 8.961448223659433054e+00 -3.267305119347854725e-01 5.386540062139021146e+00 1.763038333699315841e+00 -1.282226273350982160e+00 -4.091106727981710933e-01 -1.402975880896970562e+00 8.449804092995776283e-01 -1.526447544129965750e-01 9.709004594055140602e-01 3.478856119524270651e-01 -1.864265364647847423e-01 -1.739152945121523464e-01 -4.178737982470144274e-01 -4.362148082689988327e-01
-1.989044760155049119e+02 8.393885263310491496e+01 3.738090647814915712e+01 -3.642628992996476711e+01 -8.384908762020716111e+00 2.210678287181174539e+02 -3.871764849006652298e+01 -3.325217896044838284e+01 -2.652160132547993765e+00 -7.929564716904533128e+00 -2.978729377650169763e+00 -1.825256501789711105e+00 4.799583881819705411e+00 -7.227121095908086712e-01 -8.385038009858868380e-01 -1.504801116309237852e-01 -2.000540167744229436e-01 -7.399818752597274729e-01 1.428834052658282783e+00 -1.783129169603178341e-02 -1.130567037208776021e-01 -1.678846550381471806e-02 2.290676288597849053e-01 1.701119494437475510e-01
1.386706984270780652e+02 2.953048099595790532e+01 5.284632663097905692e+01 -7.060219929023681118e+01 2.270714674133193256e+01 -3.871764849006652298e+01 1.226843011428766914e+02 3.393078997867560531e+01 9.410083811807663068e+00 2.492073052870396932e+00 2.367467085285131834e+00 3.206849308794354592e+00 -2.738424214331140139e+00 1.441578422962830563e+00 1.612268037160201617e+00 -1.962031621114813884e+00 -6.240186915493813880e-01 -1.329633530393966812e+00 2.456935584697799713e-01 -5.245562642641260487e-02 -1.900315406669908502e-01 -5.129957697730282845e-02 -9.814748037605121322e-02 -1.933923330429565823e-01
-5.112326260784218590e+01 1.689901370685240423e+01 1.147547376531318442e+01 -7.245395281555648381e+00 1.273755372487014803e+01 -3.325217896044838284e+01 3.393078997867560531e+01 8.220153783419593196e+01 1.006511590790478294e+01 7.263173848863472060e+00 1.298853200475326597e+00 3.372091018126504469e+00 -2.654883518618833538e+00 -2.117109185849192610e+00 -1.298804097400420576e-01 -1.148783846349505033e+00 8.978140352280113146e-02 1.958565492207117176e-01 -2.014472514495327382e-01 9.680136777517781010e-02 -3.692584613618424272e-01 4.332580684790519887e-02 -1.285100840146453094e-01 -1.131100570334182820e-01
-1.050779044629215377e+02 4.916732838759636337e+01 4.816087161101324199e+01 -2.212369260549154504e+01 6.151457167672909065e+00 -2.652160132547993765e+00 9.410083811807663068e+00 1.006511590790478294e+01 4.166088742693910518e+01 6.260110150078263658e+00 -1.748990992816793710e+00 3.908501239002241112e-01 -1.156859401435067269e+00 -7.129959661101223922e-01 2.497041999570421000e-01 3.097533761332494917e-01 3.456355001597097854e-01 3.913055774119804653e-01 2.735363134895266168e-01 1.667671527577034574e-01 -5.000145284896645448e-02 1.662429518263399894e-02 -1.385329450341546940e-02 7.455941798216630945e-02
-2.427674299128512203e+01 -2.243231883098718349e+00 1.153630457585973090e+01 -1.060268307499785045e+01 8.961448223659433054e+00 -7.929564716904533128e+00 2.492073052870396932e+00 7.263173848863472060e+00 6.260110150078263658e+00 2.125434777415190268e+01 -7.867334385925286444e-01 6.340414198010224656e-01 -2.987408206594944216e-01 7.028247915472284335e-01 1.090178702500509411e+00 7.149977748324604088e-02 6.132438573913435720e-01 -2.740437617649082447e-01 5.265291283095112351e-02 9.699138175692997854e-02 1.105799139377175305e-01 1.998716914877049500e-02 1.332647341241855465e-01 5.195843844872045925e-02
4.103219306848913561e+00 2.403516002821293629e+00 -3.419360219776344856e+00 6.741472405590242190e+00 -3.267305119347854725e-01 -2.978729377650169763e+00 2.367467085285131834e+00 1.298853200475326597e+00 -1.748990992816793710e+00 -7.867334385925286444e-01 1.386501604092922868e+01 2.464674771620740223e+00 4.990945392935227654e-01 -4.079394610199113536e-01 -5.166725822411998292e-01 -1.291465447553937496e-01 3.462263993619205116e-01 9.723112705684100465e-02 -7.298115947615223253e-02 -7.925715932207456904e-02 -5.300989369372824389e-02 -9.549717222034848074e-02 -1.359039330955459255e-03 7.180312546878868385e-02
2.104658793277311091e+01 -1.775572168420208641e+01 1.305880541748582591e+00 1.040934278682983916e+01 5.386540062139021146e+00 -1.825256501789711105e+00 3.206849308794354592e+00 3.372091018126504469e+00 3.908501239002241112e-01 6.340414198010224656e-01 2.464674771620740223e+00 5.471460754195041964e+00 1.040153255498929674e+00 -4.604538516860240960e-01 -4.956297376810063771e-01 -3.422604032362416837e-01 2.124354763878794072e-01 -2.104351190361534174e-01 8.586562522275090203e-02 8.851106557134058583e-02 -7.060080130673203856e-03 -4.374928013088588002e-02 -5.803928525433352942e-02 -3.856782265591964659e-02
2.510822490656315864e+01 -1.252166124799926195e+01 1.092705660232770626e+01 -4.421219052351372802e+00 1.763038333699315841e+00 4.799583881819705411e+00 -2.738424214331140139e+00 -2.654883518618833538e+00 -1.156859401435067269e+00 -2.987408206594944216e-01 4.990945392935227654e-01 1.040153255498929674e+00 4.664860211437912518e+00 -9.095653575535891378e-01 4.166961425186946344e-01 1.328518080460409367e-01 -1.198940176576910321e-01 -8.862692799424502776e-02 1.511930663169326269e-02 6.337544592329705240e-02 1.464497046952855687e-02 -3.411626616838832338e-02 -2.111217186123476308e-02 -1.257256661611302851e-03
-5.951344649572400058e+00 1.905305556299996983e+00 -2.140316444273542285e+00 -5.140800434182064116e+00 -1.282226273350982160e+00 -7.227121095908086712e-01 1.441578422962830563e+00 -2.117109185849192610e+00 -7.129959661101223922e-01 7.028247915472284335e-01 -4.079394610199113536e-01 -4.604538516860240960e-01 -9.095653575535891378e-01 2.346698538541315493e+00 -1.269828033380376031e-01 6.443855542918940082e-02 2.427572549893351056e-02 -8.822125631286496794e-02 5.843186858090061719e-02 3.270889562240054949e-02 2.345282436929658695e-02 -3.598290053748300771e-02 9.218701450854680998e-03 -1.076691506858916056e-02
1.066921416179663318e+01 3.123628888769245382e+00 -2.695243349070900241e+00 -1.029894375806483353e+01 -4.091106727981710933e-01 -8.385038009858868380e-01 1.612268037160201617e+00 -1.298804097400420576e-01 2.497041999570421000e-01 1.090178702500509411e+00 -5.166725822411998292e-01 -4.956297376810063771e-01 4.166961425186946344e-01 -1.269828033380376031e-01 1.832355513310462536e+00 1.116067906503206975e-02 -6.448553213828560338e-02 -3.494102934304192665e-02 2.879147320218729961e-02 4.198051747952474128e-02 -3.322428281825603319e-02 -1.203875489084146357e-02 1.101634690225213910e-02 5.301456575676438340e-03
-6.937871575673351998e+00 1.841540024606559856e+00 3.710119112500955385e+00 -2.581050309316091848e-02 -1.402975880896970562e+00 -1.504801116309237852e-01 -1.962031621114813884e+00 -1.148783846349505033e+00 3.097533761332494917e-01 7.149977748324604088e-02 -1.291465447553937496e-01 -3.422604032362416837e-01 1.328518080460409367e-01 6.443855542918940082e-02 1.116067906503206975e-02 5.723508509090806662e-01 3.587046112573837736e-02 -9.757785996856340252e-03 -2.120255238127656539e-02 1.519306654080143995e-02 2.057703348070913027e-02 1.811348116314747542e-02 2.366406855079454877e-03 8.505961809055551104e-03
9.354168720005979765e-01 -4.309141468283709919e+00 1.226473828246118725e+00 2.445524771519925977e+00 8.449804092995776283e-01 -2.000540167744229436e-01 -6.240186915493813880e-01 8.978140352280113146e-02 3.456355001597097854e-01 6.132438573913435720e-01 3.462263993619205116e-01 2.124354763878794072e-01 -1.198940176576910321e-01 2.427572549893351056e-02 -6.448553213828560338e-02 3.587046112573837736e-02 3.042330022831971625e-01 8.002786381912525490e-03 4.987582781400289045e-03 6.358611540367705567e-03 -1.180566946005660520e-02 8.591718332115567611e-03 7.538911432605053912e-03 1.150254270343288761e-02
-3.019085227036559793e+00 8.739575595610309389e-01 -1.641707022306029495e+00 -8.962664008852028186e-01 -1.526447544129965750e-01 -7.399818752597274729e-01 -1.329633530393966812e+00 1.958565492207117176e-01 3.913055774119804653e-01 -2.740437617649082447e-01 9.723112705684100465e-02 -2.104351190361534174e-01 -8.862692799424502776e-02 -8.822125631286496794e-02 -3.494102934304192665e-02 -9.757785996856340252e-03 8.002786381912525490e-03 2.229829313846050931e-01 -4.056822157198307355e-02 6.522673817521834616e-03 -1.441134190483697210e-02 -9.028720994147133166e-03 -1.066337766444340127e-02 8.417628043236067420e-03
2.399280186963993700e+00 2.177181854586909271e+00 -2.444670533614946351e+00 -7.615509259598343128e-01 9.709004594055140602e-01 1.428834052658282783e+00 2.456935584697799713e-01 -2.014472514495327382e-01 2.735363134895266168e-01 5.265291283095112351e-02 -7.298115947615223253e-02 8.586562522275090203e-02 1.511930663169326269e-02 5.843186858090061719e-02 2.879147320218729961e-02 -2.120255238127656539e-02 4.987582781400289045e-03 -4.056822157198307355e-02 1.589544077197123095e-01 1.518740962151017733e-02 -1.567780008924993512e-03 5.011338678596699396e-03 4.518843572135704083e-03 1.020080722433895941e-03
2.161288321279408731e+00 4.226413952574556432e-01 8.353603443553986319e-01 -6.134206354879500056e-01 3.478856119524270651e-01 -1.783129169603178341e-02 -5.245562642641260487e-02 9.680136777517781010e-02 1.667671527577034574e-01 9.699138175692997854e-02 -7.925715932207456904e-02 8.851106557134058583e-02 6.337544592329705240e-02 3.270889562240054949e-02 4.198051747952474128e-02 1.519306654080143995e-02 6.358611540367705567e-03 6.522673817521834616e-03 1.518740962151017733e-02 4.710807317327645599e-02 -3.863903572287026057e-03 -2.440314827738964028e-03 1.306963535569288532e-03 2.436164535507092874e-03
1.217537131323894073e+00 -3.229778356156119412e-01 4.378033441610239551e-01 4.082086564403525353e-01 -1.864265364647847423e-01 -1.130567037208776021e-01 -1.900315406669908502e-01 -3.692584613618424272e-01 -5.000145284896645448e-02 1.105799139377175305e-01 -5.300989369372824389e-02 -7.060080130673203856e-03 1.464497046952855687e-02 2.345282436929658695e-02 -3.322428281825603319e-02 2.057703348070913027e-02 -1.180566946005660520e-02 -1.441134190483697210e-02 -1.567780008924993512e-03 -3.863903572287026057e-03 3.198356295736062144e-02 4.420648618342830718e-04 3.448862282253517021e-03 -2.661696011377090530e-03
-1.394932444146940176e+00 1.810354850242986480e+00 6.289731808523626455e-01 9.381992297791639235e-01 -1.739152945121523464e-01 -1.678846550381471806e-02 -5.129957697730282845e-02 4.332580684790519887e-02 1.662429518263399894e-02 1.998716914877049500e-02 -9.549717222034848074e-02 -4.374928013088588002e-02 -3.411626616838832338e-02 -3.598290053748300771e-02 -1.203875489084146357e-02 1.811348116314747542e-02 8.591718332115567611e-03 -9.028720994147133166e-03 5.011338678596699396e-03 -2.440314827738964028e-03 4.420648618342830718e-04 2.577550750063439464e-02 8.482994896483112349e-03 4.290397119400815237e-03
-1.867660334186114213e+00 9.417521306125544722e-01 2.938388601871836162e-02 4.911226385680190210e-01 -4.178737982470144274e-01 2.290676288597849053e-01 -9.814748037605121322e-02 -1.285100840146453094e-01 -1.385329450341546940e-02 1.332647341241855465e-01 -1.359039330955459255e-03 -5.803928525433352942e-02 -2.111217186123476308e-02 9.218701450854680998e-03 1.101634690225213910e-02 2.366406855079454877e-03 7.538911432605053912e-03 -1.066337766444340127e-02 4.518843572135704083e-03 1.306963535569288532e-03 3.448862282253517021e-03 8.482994896483112349e-03 1.752656003898488829e-02 8.952735210846218816e-03
-3.288779994280572438e+00 1.584496082511224424e+00 1.116253941883920409e-01 -8.690333273356068422e-02 -4.362148082689988327e-01 1.701119494437475510e-01 -1.933923330429565823e-01 -1.131100570334182820e-01 7.455941798216630945e-02 5.195843844872045925e-02 7.180312546878868385e-02 -3.856782265591964659e-02 -1.257256661611302851e-03 -1.076691506858916056e-02 5.301456575676438340e-03 8.505961809055551104e-03 1.150254270343288761e-02 8.417628043236067420e-03 1.020080722433895941e-03 2.436164535507092874e-03 -2.661696011377090530e-03 4.290397119400815237e-03 8.952735210846218816e-03 1.540103879033245110e-02
