5.827338222890150973e+03 -4.658363861738527589e+02 -9.873229390601767363e+01 -1.705817754019803090e+02 3.922688185648432295e+02 4.795799783864188726e+01 1.098606213854203517e+01 -9.212380676835994109e+01 -1.080345654004702993e+01 3.817400229511142840e+01 -2.561935834128047773e+01 -1.306086834464664825e+01 -3.991859316618986853e+00 -8.385608257110265251e-01 -7.235969069654946573e+00 1.854314212902994186e+01 2.466829988563639109e+00 -4.543270774690696179e+00 2.314713425741976582e+00 -1.119465444199672088e+00 -1.213805218595192636e+00 -6.765443921427363172e-01 -7.719247155549907591e-01 -3.431929202864087425e-01
-4.658363861738527589e+02 3.223348039050995339e+03 2.046772499643858794e+02 -1.066526376086741834e+02 -2.224241827860919045e+02 3.576374977744419681e+01 -9.098470337466268631e+01 -6.662022261900743558e+01 -4.135856179677461597e+01 2.391507292302114251e+01 2.673063747833034132e+00 1.408000708982173599e+01 4.256359255950076026e+00 2.461099316014606408e+00 1.589772616050701437e+01 7.287188360610602267e+00 6.915513437323875578e+00 2.847640414710204126e+00 2.212287814999128521e+00 5.082667817197077387e-01 -1.048948739533384744e+00 2.083438346747595649e+00 2.658916150940259904e+00 5.527621002793617691e-03
-9.873229390601767363e+01 2.046772499643858794e+02 1.063210479792927799e+03 1.244296599782631603e+02 7.776646186503087677e+01 -2.317306194277380982e+01 -5.381441300278491724e+01 4.969850249255826213e+01 -1.329679220279392027e+01 -1.923467713031923054e+01 -1.092476909252578388e+01 9.750680019311538160e+00 1.660599598655859666e+01 -7.120140818324536269e-01 2.669351560921006117e-01 -3.784956530247073125e+00 1.971614174496015615e+00 2.380477444750907612e+00 -3.289550155774481621e-01 2.583703307539546579e+00 3.641666590339753817e-02 1.059937662140410186e+00 6.088087474162120483e-01 4.348754806640991455e-01
-1.705817754019803090e+02 -1.066526376086741834e+02 1.244296599782631603e+02 7.683092336184707847e+02 9.440600874320365676e+01 3.479590931386800179e+01 8.456080422101827310e+00 1.640177774973561142e+01 -1.509599829522190406e+00 -1.887175651137467725e+01 6.605501239235638700e+00 5.735951907146251472e+00 4.996638487689363473e+00 1.263879314919801766e+00 -9.928843908053741618e-01 2.176026302204724372e-01 -3.061831350676657681e+00 8.769598970604967070e-01 -8.582333392019848850e-02 -9.773836268083976320e-01 -2.921884943471964036e-01 5.451519891282495811e-01 7.402847537454472215e-01 2.391505190191020314e-01
3.922688185648432295e+02 -2.224241827860919045e+02 7.776646186503087677e+01 9.440600874320365676e+01 3.823298985158228334e+02 3.279998073451898222e+01 2.711339678657108365e+01 3.630214894380631385e+00 2.437820104243946062e+01 5.468063455291592767e+00 -5.627075456653376051e+00 9.411929950603626693e+00 1.758967194650522092e+00 7.153043616054574061e-01 4.820127382708120495e-02 -2.012422464959955803e+00 -1.632818830530201604e+00 -8.404064648426493034e-02 -4.507675223309964840e-01 9.226571250056729845e-01 6.183882146224187748e-01 9.616402766213694164e-02 2.338305922304746362e-02 -2.980472390158898227e-02
4.795799783864188726e+01 3.576374977744419681e+01 -2.317306194277380982e+01 3.479590931386800179e+01 3.279998073451898222e+01 2.300618710256788404e+02 -2.561277740203502518e+01 -1.162729766184774327e+01 -4.197738096086023774e+00 8.253262389832856982e+00 -1.570999259251501634e+00 4.671240501672055956e+00 -3.909030155005117191e+00 -7.481978525777011058e-02 -5.118732957046732146e-01 1.253084853540867849e+00 1.401143006093385490e-01 -7.657728833616435082e-01 4.957729835324776319e-02 -5.886080772798516492e-01 -2.535579388218274152e-02 -1.941256232469860676e-01 1.130269135467156238e-01 -1.527538059613408883e-01
1.098606213854203517e+01 -9.098470337466268631e+01 -5.381441300278491724e+01 8.456080422101827310e+00 2.711339678657108365e+01 -2.561277740203502518e+01 1.272864869646909938e+02 1.034390199267968313e+01 1.220723348699466548e+01 3.527356801922640450e+00 -3.995942266381553143e+00 -3.741500197201652611e+00 -2.005549448622858666e+00 4.100190613992633182e+00 -1.097189495919635549e+00 1.171060855836805858e+00 3.524826332278323537e-01 -8.179434345179180388e-02 3.198898439044883246e-01 -6.268792898255099999e-01 -1.382501812739094227e-01 -4.037923684592279600e-02 7.477748822151734920e-02 6.836912070408697473e-02
-9.212380676835994109e+01 -6.662022261900743558e+01 4.969850249255826213e+01 1.640177774973561142e+01 3.630214894380631385e+00 -1.162729766184774327e+01 1.034390199267968313e+01 8.087785663363938227e+01 4.419044901149121962e+00 -1.110202159188486171e+01 -9.125146595734124233e+00 2.448360499067897544e-01 -3.596578093544092192e-01 1.340561574698433178e+00 -3.020732537354987590e-01 -3.502654592933498456e-01 -6.867267877007122712e-01 7.435006917369324508e-01 5.271941390983509584e-02 4.633202723808807488e-01 -2.569373833183715705e-01 1.019348290856347122e-01 2.129460247205365031e-01 2.695262041320028307e-02
-1.080345654004702993e+01 -4.135856179677461597e+01 -1.329679220279392027e+01 -1.509599829522190406e+00 2.437820104243946062e+01 -4.197738096086023774e+00 1.220723348699466548e+01 4.419044901149121962e+00 4.481180810082086197e+01 -6.375760197408167906e-01 -4.401471963059375270e+00 -1.208338556981578965e-01 -3.091818292112115785e+00 -1.163026517778619207e+00 -1.443192588913087215e+00 -7.437090147514885397e-01 -8.880769940312935318e-02 -2.172424665733095339e-01 1.341429390831331003e-01 4.107410626147010163e-02 -5.502764152281657689e-02 -9.528626202885583443e-03 1.014307599589099329e-01 1.157526555223315767e-01
3.817400229511142840e+01 2.391507292302114251e+01 -1.923467713031923054e+01 -1.887175651137467725e+01 5.468063455291592767e+00 8.253262389832856982e+00 3.527356801922640450e+00 -1.110202159188486171e+01 -6.375760197408167906e-01 2.296280686251650494e+01 -1.000815423770213153e+00 -9.106074178427776555e-01 4.539531289894334076e-01 5.065440501398348339e-01 1.002118036268577317e+00 3.831263624294236059e-01 9.413902404635765553e-01 -3.497716608760881862e-01 1.847669714425395626e-01 -1.549132165753564494e-01 -2.383497197732732317e-02 -5.498610415690340786e-02 6.974948638224824637e-02 -9.303375474152011937e-03
-2.561935834128047773e+01 2.673063747833034132e+00 -1.092476909252578388e+01 6.605501239235638700e+00 -5.627075456653376051e+00 -1.570999259251501634e+00 -3.995942266381553143e+00 -9.125146595734124233e+00 -4.401471963059375270e+00 -1.000815423770213153e+00 1.455914872140690974e+01 1.224501613057659366e+00 9.977349248235786727e-02 1.657668799778412305e-01 4.534121489933509719e-01 2.312997601095507505e-01 -1.225665937222855800e-01 4.182854901063987607e-01 -4.482308882042809056e-02 -1.619643196938503893e-01 1.283951014529676471e-01 -7.421055103933507646e-02 -5.105844042599709531e-02 -4.163807208639092733e-02
-1.306086834464664825e+01 1.408000708982173599e+01 9.750680019311538160e+00 5.735951907146251472e+00 9.411929950603626693e+00 4.671240501672055956e+00 -3.741500197201652611e+00 2.448360499067897544e-01 -1.208338556981578965e-01 -9.106074178427776555e-01 1.224501613057659366e+00 7.511670696469129993e+00 9.746468752893916454e-02 -1.745520941626978739e-01 -6.286424560442173126e-01 -3.790137209315130873e-01 -1.351780671595369521e-01 -1.759486449224517968e-01 -1.089477475090688124e-01 -7.780863730440398807e-02 -1.365696744253088249e-02 1.074588895472737560e-01 3.099163070416515939e-02 4.662208011197385704e-02
-3.991859316618986853e+00 4.256359255950076026e+00 1.660599598655859666e+01 4.996638487689363473e+00 1.758967194650522092e+00 -3.909030155005117191e+00 -2.005549448622858666e+00 -3.596578093544092192e-01 -3.091818292112115785e+00 4.539531289894334076e-01 9.977349248235786727e-02 9.746468752893916454e-02 4.994251506106495597e+00 1.159973941096863539e-02 3.106998158171494495e-01 -2.567724724628499544e-01 1.061061307755225419e-01 2.545555215043350805e-01 -1.882547120368404103e-01 6.012205418150372987e-02 -1.311112760437532256e-02 -5.622105143105029373e-02 -2.720796339741040140e-02 -1.473272452049041725e-03
-8.385608257110265251e-01 2.461099316014606408e+00 -7.120140818324536269e-01 1.263879314919801766e+00 7.153043616054574061e-01 -7.481978525777011058e-02 4.100190613992633182e+00 1.340561574698433178e+00 -1.163026517778619207e+00 5.065440501398348339e-01 1.657668799778412305e-01 -1.745520941626978739e-01 1.159973941096863539e-02 2.069669597382820747e+00 8.675076470343603963e-02 2.214575330843684409e-01 1.065207992722658342e-01 2.268321835415896270e-01 2.433105129142998022e-02 -4.238524059327178350e-02 1.535424876260515700e-02 -2.540347254691882953e-02 -5.954474467539107654e-03 -3.498802085121769517e-03
-7.235969069654946573e+00 1.589772616050701437e+01 2.669351560921006117e-01 -9.928843908053741618e-01 4.820127382708120495e-02 -5.118732957046732146e-01 -1.097189495919635549e+00 -3.020732537354987590e-01 -1.443192588913087215e+00 1.002118036268577317e+00 4.534121489933509719e-01 -6.286424560442173126e-01 3.106998158171494495e-01 8.675076470343603963e-02 1.793344049303796428e+00 3.137920548762416356e-02 -1.034599763956545321e-01 8.146427336087473658e-02 -3.848016824024699280e-03 4.284537633975230020e-02 2.892060303579338174e-02 -2.998428072227026474e-03 -2.056945891035893981e-02 -3.397840100495735927e-02
1.854314212902994186e+01 7.287188360610602267e+00 -3.784956530247073125e+00 2.176026302204724372e-01 -2.012422464959955803e+00 1.253084853540867849e+00 1.171060855836805858e+00 -3.502654592933498456e-01 -7.437090147514885397e-01 3.831263624294236059e-01 2.312997601095507505e-01 -3.790137209315130873e-01 -2.567724724628499544e-01 2.214575330843684409e-01 3.137920548762416356e-02 7.752436686004177124e-01 -2.813100173142307411e-02 1.034121714658839918e-02 6.635081291007244308e-02 -3.609499603996270400e-02 -3.293911414059962767e-02 -2.650966797117717058e-02 5.837986977144674940e-03 3.216018847351121736e-03
2.466829988563639109e+00 6.915513437323875578e+00 1.971614174496015615e+00 -3.061831350676657681e+00 -1.632818830530201604e+00 1.401143006093385490e-01 3.524826332278323537e-01 -6.867267877007122712e-01 -8.880769940312935318e-02 9.413902404635765553e-01 -1.225665937222855800e-01 -1.351780671595369521e-01 1.061061307755225419e-01 1.065207992722658342e-01 -1.034599763956545321e-01 -2.813100173142307411e-02 3.533654292225960614e-01 -7.668246413337169703e-04 3.796691372989845215e-02 3.811884857138803269e-03 -1.546562254758791126e-03 -2.528996454705664983e-03 3.790017358864696331e-03 1.063676488699247941e-02
-4.543270774690696179e+00 2.847640414710204126e+00 2.380477444750907612e+00 8.769598970604967070e-01 -8.404064648426493034e-02 -7.657728833616435082e-01 -8.179434345179180388e-02 7.435006917369324508e-01 -2.172424665733095339e-01 -3.497716608760881862e-01 4.182854901063987607e-01 -1.759486449224517968e-01 2.545555215043350805e-01 2.268321835415896270e-01 8.146427336087473658e-02 1.034121714658839918e-02 -7.668246413337169703e-04 2.336272781283234012e-01 -1.200627831029070502e-02 1.221888677147368527e-02 -1.528556822795984482e-02 5.450472757336823938e-03 -1.979730541696270326e-04 -4.185510201034837140e-03
2.314713425741976582e+00 2.212287814999128521e+00 -3.289550155774481621e-01 -8.582333392019848850e-02 -4.507675223309964840e-01 4.957729835324776319e-02 3.198898439044883246e-01 5.271941390983509584e-02 1.341429390831331003e-01 1.847669714425395626e-01 -4.482308882042809056e-02 -1.089477475090688124e-01 -1.882547120368404103e-01 2.433105129142998022e-02 -3.848016824024699280e-03 6.635081291007244308e-02 3.796691372989845215e-02 -1.200627831029070502e-02 8.218917215733366477e-02 1.286325848263538459e-03 3.967081605478215756e-04 -3.055696175654682882e-05 8.446146585831310408e-03 -1.614003442486144002e-03
-1.119465444199672088e+00 5.082667817197077387e-01 2.583703307539546579e+00 -9.773836268083976320e-01 9.226571250056729845e-01 -5.886080772798516492e-01 -6.268792898255099999e-01 4.633202723808807488e-01 4.107410626147010163e-02 -1.549132165753564494e-01 -1.619643196938503893e-01 -7.780863730440398807e-02 6.012205418150372987e-02 -4.238524059327178350e-02 4.284537633975230020e-02 -3.609499603996270400e-02 3.811884857138803269e-03 1.221888677147368527e-02 1.286325848263538459e-03 7.759072715573324397e-02 1.511144346432972269e-02 -3.673561424383261272e-03 -2.893765318203653496e-04 7.277734126532150105e-05
-1.213805218595192636e+00 -1.048948739533384744e+00 3.641666590339753817e-02 -2.921884943471964036e-01 6.183882146224187748e-01 -2.535579388218274152e-02 -1.382501812739094227e-01 -2.569373833183715705e-01 -5.502764152281657689e-02 -2.383497197732732317e-02 1.283951014529676471e-01 -1.365696744253088249e-02 -1.311112760437532256e-02 1.535424876260515700e-02 2.892060303579338174e-02 -3.293911414059962767e-02 -1.546562254758791126e-03 -1.528556822795984482e-02 3.967081605478215756e-04 1.511144346432972269e-02 3.223462011411700606e-02 -2.339055288856458758e-03 -1.882838481076138087e-03 -1.234139240597487011e-03
-6.765443921427363172e-01 2.083438346747595649e+00 1.059937662140410186e+00 5.451519891282495811e-01 9.616402766213694164e-02 -1.941256232469860676e-01 -4.037923684592279600e-02 1.019348290856347122e-01 -9.528626202885583443e-03 -5.498610415690340786e-02 -7.421055103933507646e-02 1.074588895472737560e-01 -5.622105143105029373e-02 -2.540347254691882953e-02 -2.998428072227026474e-03 -2.650966797117717058e-02 -2.528996454705664983e-03 5.450472757336823938e-03 -3.055696175654682882e-05 -3.673561424383261272e-03 -2.339055288856458758e-03 2.126416873843238117e-02 7.425562423016571559e-03 4.596321561672519693e-03
-7.719247155549907591e-01 2.658916150940259904e+00 6.088087474162120483e-01 7.402847537454472215e-01 2.338305922304746362e-02 1.130269135467156238e-01 7.477748822151734920e-02 2.129460247205365031e-01 1.014307599589099329e-01 6.974948638224824637e-02 -5.105844042599709531e-02 3.099163070416515939e-02 -2.720796339741040140e-02 -5.954474467539107654e-03 -2.056945891035893981e-02 5.837986977144674940e-03 3.790017358864696331e-03 -1.979730541696270326e-04 8.446146585831310408e-03 -2.893765318203653496e-04 -1.882838481076138087e-03 7.425562423016571559e-03 1.818158160535672530e-02 6.254757342895319455e-03
-3.431929202864087425e-01 5.527621002793617691e-03 4.348754806640991455e-01 2.391505190191020314e-01 -2.980472390158898227e-02 -1.527538059613408883e-01 6.836912070408697473e-02 2.695262041320028307e-02 1.157526555223315767e-01 -9.303375474152011937e-03 -4.163807208639092733e-02 4.662208011197385704e-02 -1.473272452049041725e-03 -3.498802085121769517e-03 -3.397840100495735927e-02 3.216018847351121736e-03 1.063676488699247941e-02 -4.185510201034837140e-03 -1.614003442486144002e-03 7.277734126532150105e-05 -1.234139240597487011e-03 4.596321561672519693e-03 6.254757342895319455e-03 1.156529787820659121e-02
