8.498716793984745891e+03 1.546628538760688343e+03 6.653788482168059772e+02 -1.607584853905166540e+02 5.500829200381218698e+02 4.989679821522865382e+02 1.863428039015409254e+01 -2.707373496663798278e+02 2.019666457495055667e+01 7.972398848226778512e+01 -3.716134686570478607e+01 8.558987568588909767e+01 -3.624449835391997254e+01 -1.859694868327998307e+01 1.263628901521677683e+01 -4.308002510525886564e+00 6.186507082994354256e+00 -6.644303168890741240e+00 2.112324737369545069e+00 -4.185634364410836028e+00 -1.700056615880889632e+00 -1.451488532785933927e+00 -6.926643862485121206e-01 -1.165301798475269823e+00
1.546628538760688343e+03 8.415298858802461837e+03 -6.824481249800163596e+02 -2.195106962436313438e+02 7.311856279516139239e+02 -2.914579553438268817e+02 1.530628469956837421e+02 -7.042786118034611320e+01 2.229362134670523119e+02 1.117796744188522098e+02 2.980033887922564162e+01 5.608469625727264685e+01 2.815264057531443598e+01 -1.033230362691211823e+01 1.410880635838517527e+01 1.511073982025857099e+01 5.702488530798823341e+00 -5.882615392441694624e-01 -6.713896091226178697e+00 1.042001495693718471e+00 -2.163448884945411876e+00 -6.609096860176063570e-01 2.483621226300460894e+00 1.197432941087041236e+00
6.653788482168059772e+02 -6.824481249800163596e+02 3.862303187563056326e+03 -7.300683618890788296e+01 -5.648430433839429554e+01 -1.178819698173321200e+02 -2.407525341674854324e-01 8.562416837776432033e+01 6.204255769384773345e+01 1.947442611884219588e+01 -3.064541897597107578e+01 -3.573970798219201050e+00 -3.186132917123836705e+01 1.042594982888232380e+01 -2.731879470206076022e+00 -1.207585708313609230e+00 1.968352019128885910e+00 4.710082758021046367e-01 2.084466415409830464e+00 1.936700259681522207e-01 1.002450521757161095e+00 4.289205138412196389e-02 3.980183329994371744e-02 -1.089237381115710189e-02
-1.607584853905166540e+02 -2.195106962436313438e+02 -7.300683618890788296e+01 4.086304219040973294e+03 2.761641765072223507e+02 2.978244448550783545e+02 7.877281918457263998e+01 -2.003915382211544483e+01 8.173249428876950162e+01 3.775102758850781015e+01 1.050066750493300560e+01 2.860399043732921598e+01 3.005968050284632653e+01 3.226149907276491291e+01 3.096651187762087698e+00 -1.418553240381530411e+00 -4.705145937919880339e+00 -2.421698154744382769e+00 4.888664449595226280e+00 5.436839180013887329e+00 1.698620325308785262e+00 -2.418928116166593756e-01 -7.638582280898520427e-01 7.993507348884956176e-01
5.500829200381218698e+02 7.311856279516139239e+02 -5.648430433839429554e+01 2.761641765072223507e+02 1.359252745673096115e+03 -1.728540964073977477e+02 -3.686252601384508409e+01 1.099043906840110481e+02 -1.000177071836802867e+01 3.816438824927800511e+01 -7.401137694454137383e-01 2.186070944937019433e+01 1.498927307409295651e+01 7.378740376341108131e+00 1.225030626692293723e+01 6.469984331995096483e+00 3.171535769245799496e+00 -3.315492338241693204e+00 -1.196022784725493615e+00 4.308105816041328806e-01 -7.683731866069168914e-01 -2.356549358426524021e-02 -1.356288641545527196e-01 -9.017381132516180120e-01
4.989679821522865382e+02 -2.914579553438268817e+02 -1.178819698173321200e+02 2.978244448550783545e+02 -1.728540964073977477e+02 9.014407452770686859e+02 5.556256286012978052e+00 1.535087206039960961e+01 6.604442080759254452e+01 1.945376564241938055e+01 -1.465032261683493875e+00 6.830600068386821100e+00 1.234592021554555830e+00 1.277730430161217345e+00 1.048154002688273856e+00 5.085961486556082711e+00 1.579897854400388768e+00 -1.866706222293730733e+00 9.444037914068760253e-01 -6.009739025287740705e-02 5.176987215376425144e-01 4.288999260752016651e-01 6.652110914973461409e-01 9.906395522090654104e-01
1.863428039015409254e+01 1.530628469956837421e+02 -2.407525341674854324e-01 7.877281918457263998e+01 -3.686252601384508409e+01 5.556256286012978052e+00 2.382714296751590837e+02 -3.427547692462815832e+01 -8.530778918137254863e+00 -4.929425274263724788e+00 4.219581237459805401e+00 1.724149218434083863e+01 3.508973551268656621e+00 1.242811885805731187e+01 1.857547777846432213e+00 4.345011754863008058e+00 2.139175105962762835e-01 1.258324460390017441e+00 5.387284385512374207e-01 -3.447111147865510317e-01 4.377321182033828695e-01 5.422133120339661660e-01 5.116485728271055189e-01 1.684626216952470612e-01
-2.707373496663798278e+02 -7.042786118034611320e+01 8.562416837776432033e+01 -2.003915382211544483e+01 1.099043906840110481e+02 1.535087206039960961e+01 -3.427547692462815832e+01 2.736391032612580148e+02 1.352329221052855956e+01 -1.475024663084610843e+01 9.189287350560322309e+00 -7.844974951862477397e+00 8.069678821818749626e+00 6.223697194858929471e+00 2.382036328567632033e+00 -6.924468704263778696e-01 7.541203167583442335e-01 1.831715392102386097e+00 -2.415854549491954772e-01 -5.156190346427497184e-01 -1.064568584420461539e+00 -4.808483918313143923e-01 4.691525028166361466e-02 -5.917880329528961703e-01
2.019666457495055667e+01 2.229362134670523119e+02 6.204255769384773345e+01 8.173249428876950162e+01 -1.000177071836802867e+01 6.604442080759254452e+01 -8.530778918137254863e+00 1.352329221052855956e+01 1.052351963490876017e+02 7.284212116803757020e+00 -5.603022059950229838e+00 8.681633812560363150e-01 -1.125232018545129664e+00 7.547614201513354049e-01 -1.324784864555743347e-01 1.905737863147296984e+00 3.174853868846200244e-02 -7.211093682167590835e-01 -4.711404275161418798e-01 1.141688209210357519e-01 -4.448251938411203893e-02 -3.868108837935777533e-01 4.086254257703721832e-02 2.701428290261540521e-01
7.972398848226778512e+01 1.117796744188522098e+02 1.947442611884219588e+01 3.775102758850781015e+01 3.816438824927800511e+01 1.945376564241938055e+01 -4.929425274263724788e+00 -1.475024663084610843e+01 7.284212116803757020e+00 4.454316768052326125e+01 7.640366692324955800e+00 2.291673945313800420e+00 -2.052765233367322972e-01 -1.794359997894614978e+00 1.252017052337133673e+00 1.767794354401854173e+00 1.211255238577443771e+00 -1.633564651601698281e-01 1.666278697782668794e-01 3.959244197740784954e-01 6.701151678657102373e-02 -1.480324805398256782e-01 1.675421505255680621e-01 1.345796238680197765e-01
-3.716134686570478607e+01 2.980033887922564162e+01 -3.064541897597107578e+01 1.050066750493300560e+01 -7.401137694454137383e-01 -1.465032261683493875e+00 4.219581237459805401e+00 9.189287350560322309e+00 -5.603022059950229838e+00 7.640366692324955800e+00 2.901657740651484474e+01 3.156604195953936820e+00 3.506122306931127586e+00 4.425608817641782933e-01 1.095910923735775810e+00 1.706744090439596517e+00 5.084721041521100826e-01 7.317808553467722854e-01 2.849327210881191785e-01 2.811130466621467039e-01 7.558265625327190151e-02 -7.115545294237812790e-02 -2.105158060488325211e-01 -9.129743043613296194e-02
8.558987568588909767e+01 5.608469625727264685e+01 -3.573970798219201050e+00 2.860399043732921598e+01 2.186070944937019433e+01 6.830600068386821100e+00 1.724149218434083863e+01 -7.844974951862477397e+00 8.681633812560363150e-01 2.291673945313800420e+00 3.156604195953936820e+00 1.592613630053131146e+01 2.435387734210464838e+00 1.888573970489556109e+00 6.485255283963311523e-01 7.472363174847469480e-01 4.144683296334253919e-01 2.188658083055869119e-01 -1.214304027472600835e-02 1.069243419526465094e-01 1.243523949502113590e-01 4.631805023452262998e-02 3.287019361710341592e-02 8.534538049095070911e-02
-3.624449835391997254e+01 2.815264057531443598e+01 -3.186132917123836705e+01 3.005968050284632653e+01 1.498927307409295651e+01 1.234592021554555830e+00 3.508973551268656621e+00 8.069678821818749626e+00 -1.125232018545129664e+00 -2.052765233367322972e-01 3.506122306931127586e+00 2.435387734210464838e+00 5.942119372981498060e+00 4.403900641002456706e-01 8.900108104488801963e-01 4.968287305754290895e-01 3.455902129297363512e-01 1.621812445187870433e-01 -3.555378931067647297e-02 5.907213100981616172e-02 9.216751109596542368e-02 -4.074297844454054934e-02 1.196391737447254251e-02 2.400726345093651473e-02
-1.859694868327998307e+01 -1.033230362691211823e+01 1.042594982888232380e+01 3.226149907276491291e+01 7.378740376341108131e+00 1.277730430161217345e+00 1.242811885805731187e+01 6.223697194858929471e+00 7.547614201513354049e-01 -1.794359997894614978e+00 4.425608817641782933e-01 1.888573970489556109e+00 4.403900641002456706e-01 4.046111931595653743e+00 3.271139854446701301e-01 6.575293743659664514e-02 -2.746106292462698328e-01 2.336190188397023471e-02 1.700425933734116962e-02 -5.132347870132902834e-02 -1.791986752054651119e-02 -2.314749507657385894e-02 1.167941139060129849e-02 1.994131387240028895e-04
1.263628901521677683e+01 1.410880635838517527e+01 -2.731879470206076022e+00 3.096651187762087698e+00 1.225030626692293723e+01 1.048154002688273856e+00 1.857547777846432213e+00 2.382036328567632033e+00 -1.324784864555743347e-01 1.252017052337133673e+00 1.095910923735775810e+00 6.485255283963311523e-01 8.900108104488801963e-01 3.271139854446701301e-01 1.462497869401487849e+00 2.944813807577263409e-01 1.272271353149988515e-01 7.084105364236702174e-02 -7.797994525408473432e-02 3.032634093190746116e-02 1.148595619596984481e-02 -1.900159673864335388e-02 4.935891253433332543e-02 -1.380699200499056582e-02
-4.308002510525886564e+00 1.511073982025857099e+01 -1.207585708313609230e+00 -1.418553240381530411e+00 6.469984331995096483e+00 5.085961486556082711e+00 4.345011754863008058e+00 -6.924468704263778696e-01 1.905737863147296984e+00 1.767794354401854173e+00 1.706744090439596517e+00 7.472363174847469480e-01 4.968287305754290895e-01 6.575293743659664514e-02 2.944813807577263409e-01 1.199630091960457223e+00 1.489630724251931604e-01 3.135889100172889465e-02 2.211356478596673489e-02 5.134290578897058449e-02 -3.566876617439641590e-03 2.418193134539908459e-02 6.437049467100815214e-02 5.966447810510690231e-02
6.186507082994354256e+00 5.702488530798823341e+00 1.968352019128885910e+00 -4.705145937919880339e+00 3.171535769245799496e+00 1.579897854400388768e+00 2.139175105962762835e-01 7.541203167583442335e-01 3.174853868846200244e-02 1.211255238577443771e+00 5.084721041521100826e-01 4.144683296334253919e-01 3.455902129297363512e-01 -2.746106292462698328e-01 1.272271353149988515e-01 1.489630724251931604e-01 4.934556349715043533e-01 2.864232839631421657e-03 7.334763899585169944e-02 5.777664480627837246e-02 2.350805025261936548e-02 2.327179413238798789e-02 1.322672791404073782e-02 2.811985107377164977e-02
-6.644303168890741240e+00 -5.882615392441694624e-01 4.710082758021046367e-01 -2.421698154744382769e+00 -3.315492338241693204e+00 -1.866706222293730733e+00 1.258324460390017441e+00 1.831715392102386097e+00 -7.211093682167590835e-01 -1.633564651601698281e-01 7.317808553467722854e-01 2.188658083055869119e-01 1.621812445187870433e-01 2.336190188397023471e-02 7.084105364236702174e-02 3.135889100172889465e-02 2.864232839631421657e-03 3.276846671189779236e-01 4.375922037958969446e-02 4.540633678077770491e-02 4.129106618555433011e-02 1.628883323600142236e-02 1.341478388025618695e-03 1.799431012754547192e-03
2.112324737369545069e+00 -6.713896091226178697e+00 2.084466415409830464e+00 4.888664449595226280e+00 -1.196022784725493615e+00 9.444037914068760253e-01 5.387284385512374207e-01 -2.415854549491954772e-01 -4.711404275161418798e-01 1.666278697782668794e-01 2.849327210881191785e-01 -1.214304027472600835e-02 -3.555378931067647297e-02 1.700425933734116962e-02 -7.797994525408473432e-02 2.211356478596673489e-02 7.334763899585169944e-02 4.375922037958969446e-02 1.233983722140645500e-01 3.459896937482309642e-02 2.620882928347394170e-02 1.583689512457025009e-02 -6.123355482712151965e-03 9.278647640729246679e-03
-4.185634364410836028e+00 1.042001495693718471e+00 1.936700259681522207e-01 5.436839180013887329e+00 4.308105816041328806e-01 -6.009739025287740705e-02 -3.447111147865510317e-01 -5.156190346427497184e-01 1.141688209210357519e-01 3.959244197740784954e-01 2.811130466621467039e-01 1.069243419526465094e-01 5.907213100981616172e-02 -5.132347870132902834e-02 3.032634093190746116e-02 5.134290578897058449e-02 5.777664480627837246e-02 4.540633678077770491e-02 3.459896937482309642e-02 9.412473922520221692e-02 3.556001481650462176e-02 7.610948232818393229e-03 4.269262360180009312e-03 1.228273357671186110e-02
-1.700056615880889632e+00 -2.163448884945411876e+00 1.002450521757161095e+00 1.698620325308785262e+00 -7.683731866069168914e-01 5.176987215376425144e-01 4.377321182033828695e-01 -1.064568584420461539e+00 -4.448251938411203893e-02 6.701151678657102373e-02 7.558265625327190151e-02 1.243523949502113590e-01 9.216751109596542368e-02 -1.791986752054651119e-02 1.148595619596984481e-02 -3.566876617439641590e-03 2.350805025261936548e-02 4.129106618555433011e-02 2.620882928347394170e-02 3.556001481650462176e-02 6.602903440616414432e-02 1.820902154605354151e-02 5.090408121931939631e-03 1.472104465926722672e-02
-1.451488532785933927e+00 -6.609096860176063570e-01 4.289205138412196389e-02 -2.418928116166593756e-01 -2.356549358426524021e-02 4.288999260752016651e-01 5.422133120339661660e-01 -4.808483918313143923e-01 -3.868108837935777533e-01 -1.480324805398256782e-01 -7.115545294237812790e-02 4.631805023452262998e-02 -4.074297844454054934e-02 -2.314749507657385894e-02 -1.900159673864335388e-02 2.418193134539908459e-02 2.327179413238798789e-02 1.628883323600142236e-02 1.583689512457025009e-02 7.610948232818393229e-03 1.820902154605354151e-02 3.333616457525854365e-02 1.638796973743181229e-02 1.655712451302078850e-02
-6.926643862485121206e-01 2.483621226300460894e+00 3.980183329994371744e-02 -7.638582280898520427e-01 -1.356288641545527196e-01 6.652110914973461409e-01 5.116485728271055189e-01 4.691525028166361466e-02 4.086254257703721832e-02 1.675421505255680621e-01 -2.105158060488325211e-01 3.287019361710341592e-02 1.196391737447254251e-02 1.167941139060129849e-02 4.935891253433332543e-02 6.437049467100815214e-02 1.322672791404073782e-02 1.341478388025618695e-03 -6.123355482712151965e-03 4.269262360180009312e-03 5.090408121931939631e-03 1.638796973743181229e-02 3.262794068686330345e-02 1.773851356350179820e-02
-1.165301798475269823e+00 1.197432941087041236e+00 -1.089237381115710189e-02 7.993507348884956176e-01 -9.017381132516180120e-01 9.906395522090654104e-01 1.684626216952470612e-01 -5.917880329528961703e-01 2.701428290261540521e-01 1.345796238680197765e-01 -9.129743043613296194e-02 8.534538049095070911e-02 2.400726345093651473e-02 1.994131387240028895e-04 -1.380699200499056582e-02 5.966447810510690231e-02 2.811985107377164977e-02 1.799431012754547192e-03 9.278647640729246679e-03 1.228273357671186110e-02 1.472104465926722672e-02 1.655712451302078850e-02 1.773851356350179820e-02 2.815976234583250290e-02
