1.000000000000000000e+00 -1.348992411468714070e-01 9.922682540677844887e-02 1.667033187841227837e-01 -9.490545929597062058e-02 2.234099423951693350e-02 3.872921319059888234e-02 3.526413201873800779e-02 1.564752209511661163e-01 1.960393403149537361e-01 -1.285495385961394343e-01 1.239902204054379488e-03 -2.206759861838438475e-01 -1.724361151399688985e-01 -1.708726201427714086e-01 -6.991116559626819882e-02 2.318254459031003634e-02 7.215116434614153584e-02 -1.065798669638592933e-01 4.512340004233151430e-02 1.940708382728463521e-01 -3.475624448693447055e-02 -1.349176045824222042e-02 -1.499793508813082876e-01
-1.348992411468714070e-01 1.000000000000000000e+00 -2.051850219017524457e-01 5.311915191823646937e-02 -6.263195193873229150e-02 -5.492478144339505569e-02 -1.335740243142086170e-01 2.397342104956640130e-02 1.167304254665974504e-02 2.422091665671756433e-02 -6.224058734465351406e-02 -2.312629224458303406e-02 -6.773776376095951707e-03 3.759085719182676203e-03 1.130016695937600402e-01 -1.710599940722080103e-01 -2.644362242008013383e-02 6.330879532156862000e-02 -5.312325321812398637e-02 2.007101138460272785e-02 1.720191605398136980e-01 -6.681111919272328392e-02 -4.293469196325605530e-02 -1.461385216805302367e-01
9.922682540677844887e-02 -2.051850219017524457e-01 1.000000000000000000e+00 -2.841688026041780391e-01 -1.236202480696087791e-01 -9.857546574796997862e-02 3.700416924356968867e-02 5.362023205906910756e-02 -8.497095944231194964e-02 -1.970298143445799177e-01 1.529004505700241878e-02 -2.081175719482361228e-02 -7.178485118578523116e-02 -1.071203829716235040e-01 -1.321628863400437504e-01 -9.308019850339623036e-02 -3.242944501461515472e-01 -7.773088043279689774e-02 4.464562593114357325e-02 -5.241357938071136702e-02 2.501245430133348588e-02 -1.262545429203318359e-02 -9.751853201353261058e-02 -4.040049677305278947e-02
1.667033187841227837e-01 5.311915191823646937e-02 -2.841688026041780391e-01 1.000000000000000000e+00 4.258644227532184384e-02 7.641515981790783507e-02 3.646114182491008715e-02 4.844058199903795991e-02 1.004513584431902806e-01 -9.317982259387711658e-03 3.204608627715336416e-02 3.020811749864566603e-02 -6.575715999812101198e-02 8.313369847783740052e-02 -4.497291499040376866e-02 -6.979134835150739569e-02 5.791584125754272588e-02 3.540468874958290213e-01 9.546202041609441746e-02 8.034877648984857772e-04 1.724556531746130050e-01 8.078050245033673027e-02 5.613150619411366032e-02 -5.220600140927269574e-03
-9.490545929597062058e-02 -6.263195193873229150e-02 -1.236202480696087791e-01 4.258644227532184384e-02 1.000000000000000000e+00 2.354857740943014366e-01 1.615904571191139893e-01 6.121523935615914153e-02 -2.192159285858372997e-01 -1.534059089206914750e-01 3.000208952889502415e-02 5.121055688997287747e-02 -1.509031157421261704e-01 1.625595318904652087e-01 1.554007589729976269e-01 -1.054878138772242428e-04 -1.488405340325669735e-01 2.880581622233992223e-02 -9.467268902827194466e-02 2.992489382900357514e-02 -2.505730927917885764e-01 -1.937550455954151762e-01 1.571973375613037460e-01 2.999391294061915306e-02
2.234099423951693350e-02 -5.492478144339505569e-02 -9.857546574796997862e-02 7.641515981790783507e-02 2.354857740943014366e-01 1.000000000000000000e+00 -8.133784528617532539e-02 1.362856550272882883e-01 4.075480241110522595e-02 -8.030839753688052626e-03 -9.023320251437827455e-02 2.337622900652725766e-01 1.477667747891766312e-03 1.990811697370478972e-01 8.151079429289807832e-02 -1.690670183099129281e-02 1.275160335971741998e-01 6.985512291723416922e-02 -5.212146737500472637e-02 -1.433813725571198849e-01 -1.094659022248704594e-01 5.938044439140739705e-02 2.595156116200774896e-02 -1.197194152984779186e-01
3.872921319059888234e-02 -1.335740243142086170e-01 3.700416924356968867e-02 3.646114182491008715e-02 1.615904571191139893e-01 -8.133784528617532539e-02 1.000000000000000000e+00 1.728724493278276930e-01 -3.345481340615097388e-02 1.419281333302426784e-01 7.811013077388424992e-03 1.880315852029968149e-01 -1.093802421549087273e-02 9.237446572636048847e-02 -1.395273480921399578e-01 -3.567396710856397118e-02 -1.739558555333411971e-01 -1.131585998782020652e-01 -1.249103249765744772e-01 -4.086233246300679384e-02 6.885519956212890480e-02 2.681542630897064683e-01 1.235936737009951519e-01 1.145566106866766631e-01
3.526413201873800779e-02 2.397342104956640130e-02 5.362023205906910756e-02 4.844058199903795991e-02 6.121523935615914153e-02 1.362856550272882883e-01 1.728724493278276930e-01 1.000000000000000000e+00 1.552495739151224241e-01 -4.820220472097092035e-02 -4.347057777241786214e-02 9.115526548228307380e-02 -1.582518585787981089e-02 -3.640849839867602803e-03 3.237133898719528335e-02 2.290306782874452964e-03 -6.174988231786247145e-02 -2.015147077755174154e-01 1.019467432070187973e-01 4.327221443373995002e-02 9.999238000770743762e-02 -5.705806519073291366e-02 2.579248176977284174e-02 -2.061027437981085772e-02
1.564752209511661163e-01 1.167304254665974504e-02 -8.497095944231194964e-02 1.004513584431902806e-01 -2.192159285858372997e-01 4.075480241110522595e-02 -3.345481340615097388e-02 1.552495739151224241e-01 1.000000000000000000e+00 2.010329006324106660e-01 2.856782906087537710e-02 7.066616928876248704e-02 4.010249230097531759e-03 -4.512077425520238244e-02 2.353573623771021694e-01 -2.879416020030473727e-02 1.165222321202894901e-01 -2.165025852235865911e-01 4.094163522004234945e-02 -8.837193066036350131e-02 2.154599857337199387e-01 -1.573408217803823061e-01 -1.415620714639058420e-01 1.434798896904262711e-01
1.960393403149537361e-01 2.422091665671756433e-02 -1.970298143445799177e-01 -9.317982259387711658e-03 -1.534059089206914750e-01 -8.030839753688052626e-03 1.419281333302426784e-01 -4.820220472097092035e-02 2.010329006324106660e-01 1.000000000000000000e+00 -1.290050276994761658e-01 7.174420991456952057e-02 -1.227121677951268919e-01 8.797333638533771927e-02 5.662034194013382260e-02 8.254937102626623557e-02 4.824728537250268061e-03 -3.174212725133129104e-02 6.230710355840951564e-02 -4.407544891960783751e-02 2.242269967399862507e-01 1.008909283388446931e-01 -1.490436347155701391e-01 1.521767648605524825e-01
-1.285495385961394343e-01 -6.224058734465351406e-02 1.529004505700241878e-02 3.204608627715336416e-02 3.000208952889502415e-02 -9.023320251437827455e-02 7.811013077388424992e-03 -4.347057777241786214e-02 2.856782906087537710e-02 -1.290050276994761658e-01 1.000000000000000000e+00 -1.140594692625008719e-02 5.464223939728315993e-02 2.363209543332725135e-02 1.695686174915424504e-01 4.464638458355498635e-02 4.603702025159009392e-02 1.997204487710938989e-02 1.615842887677984216e-02 -1.565329574015924541e-01 -6.747709332516939329e-02 -2.355834426896740580e-02 7.845402982519807111e-02 2.676406336346932174e-02
1.239902204054379488e-03 -2.312629224458303406e-02 -2.081175719482361228e-02 3.020811749864566603e-02 5.121055688997287747e-02 2.337622900652725766e-01 1.880315852029968149e-01 9.115526548228307380e-02 7.066616928876248704e-02 7.174420991456952057e-02 -1.140594692625008719e-02 1.000000000000000000e+00 -1.816761265211419285e-01 2.702287546453870370e-01 -9.356484005299535445e-02 -4.379926814993689160e-02 7.508619120491037691e-02 9.328060589864570207e-02 -2.319439443353525088e-01 7.689557133085939133e-02 8.436639976130741458e-02 8.335115195985157155e-02 -4.824995675600739914e-02 -4.970173736546004001e-02
-2.206759861838438475e-01 -6.773776376095951707e-03 -7.178485118578523116e-02 -6.575715999812101198e-02 -1.509031157421261704e-01 1.477667747891766312e-03 -1.093802421549087273e-02 -1.582518585787981089e-02 4.010249230097531759e-03 -1.227121677951268919e-01 5.464223939728315993e-02 -1.816761265211419285e-01 1.000000000000000000e+00 -3.505483285161107437e-02 -5.220781886347514861e-02 5.536421431001262855e-02 1.393141536581926077e-01 -1.190033829991752196e-01 -1.038223760128948181e-01 -2.399338674560192453e-01 6.451195660064840132e-02 1.070367731156822849e-01 1.828508411473581952e-01 -1.735122292576806932e-02
-1.724361151399688985e-01 3.759085719182676203e-03 -1.071203829716235040e-01 8.313369847783740052e-02 1.625595318904652087e-01 1.990811697370478972e-01 9.237446572636048847e-02 -3.640849839867602803e-03 -4.512077425520238244e-02 8.797333638533771927e-02 2.363209543332725135e-02 2.702287546453870370e-01 -3.505483285161107437e-02 1.000000000000000000e+00 -1.191858183916627567e-01 -3.382831175745787053e-03 -1.753217023268424934e-01 -3.110757230815474478e-02 -8.080889094315031607e-02 -1.302633117681548380e-01 9.882247719149907239e-02 -3.252096192759591775e-02 1.214055089619568290e-01 1.553626084688361775e-01
-1.708726201427714086e-01 1.130016695937600402e-01 -1.321628863400437504e-01 -4.497291499040376866e-02 1.554007589729976269e-01 8.151079429289807832e-02 -1.395273480921399578e-01 3.237133898719528335e-02 2.353573623771021694e-01 5.662034194013382260e-02 1.695686174915424504e-01 -9.356484005299535445e-02 -5.220781886347514861e-02 -1.191858183916627567e-01 1.000000000000000000e+00 1.071271282638055211e-01 1.061117725855734162e-01 -2.026704264054744187e-01 5.180601687530634464e-02 -6.707893868355511990e-02 -9.364261031909899835e-02 -8.921981399278269831e-02 -4.162651918368505399e-02 -1.008385965296678538e-02
-6.991116559626819882e-02 -1.710599940722080103e-01 -9.308019850339623036e-02 -6.979134835150739569e-02 -1.054878138772242428e-04 -1.690670183099129281e-02 -3.567396710856397118e-02 2.290306782874452964e-03 -2.879416020030473727e-02 8.254937102626623557e-02 4.464638458355498635e-02 -4.379926814993689160e-02 5.536421431001262855e-02 -3.382831175745787053e-03 1.071271282638055211e-01 1.000000000000000000e+00 9.592909230486541816e-02 -2.081867630640471187e-02 -8.716911551904214794e-02 -3.932428544317616986e-02 -9.738031129376747974e-02 -7.216530798001369318e-02 -2.898347907955871675e-02 7.620289540506748616e-02
2.318254459031003634e-02 -2.644362242008013383e-02 -3.242944501461515472e-01 5.791584125754272588e-02 -1.488405340325669735e-01 1.275160335971741998e-01 -1.739558555333411971e-01 -6.174988231786247145e-02 1.165222321202894901e-01 4.824728537250268061e-03 4.603702025159009392e-02 7.508619120491037691e-02 1.393141536581926077e-01 -1.753217023268424934e-01 1.061117725855734162e-01 9.592909230486541816e-02 1.000000000000000000e+00 1.566477691184601229e-01 -1.347831506689719794e-01 6.121567874750384608e-02 -2.578638293479705232e-02 -6.461437871935477029e-02 -3.341222812090517691e-02 -1.612163568536335578e-01
7.215116434614153584e-02 6.330879532156862000e-02 -7.773088043279689774e-02 3.540468874958290213e-01 2.880581622233992223e-02 6.985512291723416922e-02 -1.131585998782020652e-01 -2.015147077755174154e-01 -2.165025852235865911e-01 -3.174212725133129104e-02 1.997204487710938989e-02 9.328060589864570207e-02 -1.190033829991752196e-01 -3.110757230815474478e-02 -2.026704264054744187e-01 -2.081867630640471187e-02 1.566477691184601229e-01 1.000000000000000000e+00 -2.234886471433742972e-01 1.079070052847961037e-01 1.058643857371867614e-01 -7.406076513738503453e-02 -7.239588205111373298e-02 -1.814010255888445222e-01
-1.065798669638592933e-01 -5.312325321812398637e-02 4.464562593114357325e-02 9.546202041609441746e-02 -9.467268902827194466e-02 -5.212146737500472637e-02 -1.249103249765744772e-01 1.019467432070187973e-01 4.094163522004234945e-02 6.230710355840951564e-02 1.615842887677984216e-02 -2.319439443353525088e-01 -1.038223760128948181e-01 -8.080889094315031607e-02 5.180601687530634464e-02 -8.716911551904214794e-02 -1.347831506689719794e-01 -2.234886471433742972e-01 1.000000000000000000e+00 6.924462965134496606e-02 -1.464802861702066972e-01 1.663417390048688715e-01 3.975632116614486594e-02 1.430259976093839203e-01
4.512340004233151430e-02 2.007101138460272785e-02 -5.241357938071136702e-02 8.034877648984857772e-04 2.992489382900357514e-02 -1.433813725571198849e-01 -4.086233246300679384e-02 4.327221443373995002e-02 -8.837193066036350131e-02 -4.407544891960783751e-02 -1.565329574015924541e-01 7.689557133085939133e-02 -2.399338674560192453e-01 -1.302633117681548380e-01 -6.707893868355511990e-02 -3.932428544317616986e-02 6.121567874750384608e-02 1.079070052847961037e-01 6.924462965134496606e-02 1.000000000000000000e+00 1.084260133624843775e-01 -2.349800067633345257e-01 -1.799659711252599992e-01 1.191380010866758578e-03
1.940708382728463521e-01 1.720191605398136980e-01 2.501245430133348588e-02 1.724556531746130050e-01 -2.505730927917885764e-01 -1.094659022248704594e-01 6.885519956212890480e-02 9.999238000770743762e-02 2.154599857337199387e-01 2.242269967399862507e-01 -6.747709332516939329e-02 8.436639976130741458e-02 6.451195660064840132e-02 9.882247719149907239e-02 -9.364261031909899835e-02 -9.738031129376747974e-02 -2.578638293479705232e-02 1.058643857371867614e-01 -1.464802861702066972e-01 1.084260133624843775e-01 1.000000000000000000e+00 -1.141101732659248608e-01 1.727488936949688192e-01 8.305307985317247899e-02
-3.475624448693447055e-02 -6.681111919272328392e-02 -1.262545429203318359e-02 8.078050245033673027e-02 -1.937550455954151762e-01 5.938044439140739705e-02 2.681542630897064683e-01 -5.705806519073291366e-02 -1.573408217803823061e-01 1.008909283388446931e-01 -2.355834426896740580e-02 8.335115195985157155e-02 1.070367731156822849e-01 -3.252096192759591775e-02 -8.921981399278269831e-02 -7.216530798001369318e-02 -6.461437871935477029e-02 -7.406076513738503453e-02 1.663417390048688715e-01 -2.349800067633345257e-01 -1.141101732659248608e-01 1.000000000000000000e+00 5.423947754283434119e-02 1.133099274958708491e-01
-1.349176045824222042e-02 -4.293469196325605530e-02 -9.751853201353261058e-02 5.613150619411366032e-02 1.571973375613037460e-01 2.595156116200774896e-02 1.235936737009951519e-01 2.579248176977284174e-02 -1.415620714639058420e-01 -1.490436347155701391e-01 7.845402982519807111e-02 -4.824995675600739914e-02 1.828508411473581952e-01 1.214055089619568290e-01 -4.162651918368505399e-02 -2.898347907955871675e-02 -3.341222812090517691e-02 -7.239588205111373298e-02 3.975632116614486594e-02 -1.799659711252599992e-01 1.727488936949688192e-01 5.423947754283434119e-02 1.000000000000000000e+00 3.160493327966347188e-01
-1.499793508813082876e-01 -1.461385216805302367e-01 -4.040049677305278947e-02 -5.220600140927269574e-03 2.999391294061915306e-02 -1.197194152984779186e-01 1.145566106866766631e-01 -2.061027437981085772e-02 1.434798896904262711e-01 1.521767648605524825e-01 2.676406336346932174e-02 -4.970173736546004001e-02 -1.735122292576806932e-02 1.553626084688361775e-01 -1.008385965296678538e-02 7.620289540506748616e-02 -1.612163568536335578e-01 -1.814010255888445222e-01 1.430259976093839203e-01 1.191380010866758578e-03 8.305307985317247899e-02 1.133099274958708491e-01 3.160493327966347188e-01 1.000000000000000000e+00
