5.212076565397799641e+03 7.705297959060636686e+02 3.038029509612080119e+02 -1.151603559817039297e+02 2.170534221328249771e+02 2.131522157879094550e+02 2.198869130760568336e+00 -1.449828239832698955e+02 1.265370253504711506e+01 4.104796628382771928e+01 -2.461555564606399216e+01 5.065037048811181108e+01 -2.946296352256803530e+01 -1.387841845675347940e+01 8.287596883836799933e+00 -4.477677005516114583e+00 4.976664266895086008e+00 -4.571572869037210829e+00 1.476528224114285415e+00 -2.123879999493458293e+00 -1.023996802259290906e+00 -9.900621171904828710e-01 -4.872675175578548568e-01 -1.006877546449329808e+00
7.705297959060636686e+02 2.565688780228948417e+03 -2.024144385333371190e+02 -1.645614813160950121e+02 1.805888300869413001e+02 -1.314326519294431819e+02 1.164234404147022062e+01 -6.562489824577703246e+01 7.549907212374829157e+01 1.629079500401291014e+01 -6.553171805815567907e+00 1.278979304923570481e+01 5.330368865947589185e+00 -1.348130550853022136e+01 2.376191045910131638e+00 4.660549423289210402e+00 1.506319680655726856e+00 -2.265745075478433179e+00 -4.449166218742949042e+00 -4.405118256887367578e-01 -1.619199330185723040e+00 -8.277737879205119276e-01 9.583028440292471473e-01 4.361157512714457507e-01
3.038029509612080119e+02 -2.024144385333371190e+02 1.042375525770227796e+03 3.338052937923179542e+01 1.501994623874318791e+01 -6.459120034511548702e+00 2.093850945869644420e+01 4.619240464470598795e+01 3.559822395966347841e+01 2.010722205014211639e+01 -3.440737221765341580e+00 8.333324866514436380e+00 -8.654707912052904462e+00 7.451778245426444514e+00 1.489676383275386540e+00 -9.130036108597365807e-01 2.167410805616221570e+00 7.007730051569127649e-01 1.087196875988843736e+00 3.204554666798081763e-01 3.930859375460726279e-01 -1.177962140265871316e-01 -3.209847666485713402e-01 -2.536027284120528358e-01
-1.151603559817039297e+02 -1.645614813160950121e+02 3.338052937923179542e+01 8.835768101995911366e+02 3.202321972594170063e+01 6.586416742294566973e+01 -1.597856445607110931e+00 -2.252179592621182280e+01 1.632864038756217795e+01 1.312478067039078988e+00 -1.232226879442822032e+01 -2.541140991634618818e+00 5.249679055012186346e+00 9.308262183728960082e+00 -2.727856488994498285e+00 -4.191072573121175537e+00 -3.236759215029862080e+00 -2.460896652429652942e+00 1.586004018501361967e+00 1.959801605476219066e+00 5.178704055018857888e-01 -2.626876844470103500e-01 -5.217340009548104840e-01 3.516316488351977076e-01
2.170534221328249771e+02 1.805888300869413001e+02 1.501994623874318791e+01 3.202321972594170063e+01 3.400910040731630488e+02 -6.121723768224894968e+01 -3.245074865662368779e+01 2.248085219051838379e+01 -1.270995502321487614e+01 5.171688000328760637e+00 -9.515973436930268647e+00 2.659612170620077709e+00 2.510789253237085461e+00 -5.039531472344602747e-01 3.963190507371522564e+00 1.135647753627447631e+00 9.499016963820892112e-01 -2.029252928465062666e+00 -7.095503836424629229e-01 1.413431200338466642e-01 -3.962086793767724546e-01 -1.189045757516791479e-01 -1.843268679169867974e-01 -5.038755887077754902e-01
2.131522157879094550e+02 -1.314326519294431819e+02 -6.459120034511548702e+00 6.586416742294566973e+01 -6.121723768224894968e+01 2.636501273179191571e+02 -2.476768729452903273e+00 3.153511998383074388e+00 2.347041718292154400e+01 2.543679390047381084e+00 -6.270809768683240470e+00 -1.176887393491321127e-01 -1.115447323473238939e+00 -1.694084276929767319e-01 -6.580759944959161389e-01 1.289203221395969212e+00 3.189253345118826521e-01 -1.118920798670576922e+00 4.220548453353377694e-01 -1.342812115660614036e-01 1.667195793063908360e-01 2.374123116841993786e-01 2.801967631108826517e-01 4.245968039853122988e-01
2.198869130760568336e+00 1.164234404147022062e+01 2.093850945869644420e+01 -1.597856445607110931e+00 -3.245074865662368779e+01 -2.476768729452903273e+00 7.539081122074232155e+01 -1.898516802094329137e+01 -4.723803681482784178e+00 -7.198827751760997984e+00 -5.073356827295590676e+00 5.144167012189795329e+00 -4.991928396872554186e-01 4.766116036985927451e+00 -5.000542141706953991e-01 1.153659320424460955e+00 -1.152391143478092989e-01 4.125066977745133201e-01 2.563391303951295108e-01 -2.773172046247386335e-01 2.012244967118877459e-01 2.781888880766082983e-01 2.016929676444796371e-01 1.141931087396207967e-01
-1.449828239832698955e+02 -6.562489824577703246e+01 4.619240464470598795e+01 -2.252179592621182280e+01 2.248085219051838379e+01 3.153511998383074388e+00 -1.898516802094329137e+01 1.142003775451837839e+02 6.353669430950243502e+00 -9.475291879738469092e+00 2.182733431062207519e+00 -5.172081760805270712e+00 3.968120860458659305e+00 3.133364570375230862e+00 1.069506222808750406e+00 -1.194856494962938553e+00 4.475199338121728654e-01 1.053519050388787903e+00 -3.166494051016547490e-02 -3.197757047720206636e-01 -6.460941241579891692e-01 -3.120238797899162475e-01 -2.370237965445293020e-03 -2.765080276458074526e-01
1.265370253504711506e+01 7.549907212374829157e+01 3.559822395966347841e+01 1.632864038756217795e+01 -1.270995502321487614e+01 2.347041718292154400e+01 -4.723803681482784178e+00 6.353669430950243502e+00 5.174680292634445067e+01 2.154170686825557901e+00 -5.556825164681253426e+00 -7.069239506912193549e-02 -7.013189336957477149e-01 1.036081305674835806e-01 -3.442432591106887041e-01 6.025305913509926281e-01 1.454839901589947450e-02 -4.411392443687108811e-01 -2.512458722700064429e-01 1.009996974819736132e-01 -2.551105457106983207e-02 -2.454803521137028932e-01 -1.120311547047170633e-02 1.716264382258867738e-01
4.104796628382771928e+01 1.629079500401291014e+01 2.010722205014211639e+01 1.312478067039078988e+00 5.171688000328760637e+00 2.543679390047381084e+00 -7.198827751760997984e+00 -9.475291879738469092e+00 2.154170686825557901e+00 2.143245019954747477e+01 1.739762310998676842e+00 -9.028445808541472051e-01 -1.302433221232466298e+00 -2.040280944450124867e+00 1.142027412395317659e-01 2.991470341786846010e-01 6.626171181735936999e-01 -2.931104393717030021e-01 3.024634673748509070e-02 1.214510570504183651e-01 -4.380523266130362942e-02 -1.499980237495447399e-01 5.266749913591383357e-03 8.836106347649924295e-03
-2.461555564606399216e+01 -6.553171805815567907e+00 -3.440737221765341580e+00 -1.232226879442822032e+01 -9.515973436930268647e+00 -6.270809768683240470e+00 -5.073356827295590676e+00 2.182733431062207519e+00 -5.556825164681253426e+00 1.739762310998676842e+00 1.573314793747067064e+01 -2.953212650916629545e-01 1.051464776304899429e+00 -6.027468968504661184e-01 8.056530445653889427e-02 5.589159908726846204e-01 2.023053619036778161e-01 3.618131359025645866e-01 1.639209392273762167e-01 1.118205279238687344e-01 1.311447715264097563e-02 -1.415897020378785107e-02 -1.198949167447803527e-01 -1.683534598933491763e-02
5.065037048811181108e+01 1.278979304923570481e+01 8.333324866514436380e+00 -2.541140991634618818e+00 2.659612170620077709e+00 -1.176887393491321127e-01 5.144167012189795329e+00 -5.172081760805270712e+00 -7.069239506912193549e-02 -9.028445808541472051e-01 -2.953212650916629545e-01 9.340909074157737635e+00 6.918087177530302112e-01 7.783842160536963428e-01 -5.877012209148765182e-02 6.913471145830124565e-02 1.464544862708968276e-01 1.655708821326389024e-02 -6.256925067043336841e-02 6.049651272424500133e-03 4.145846017498496655e-02 1.261851902277480453e-02 -1.167521344156525163e-02 3.886244781233128692e-02
-2.946296352256803530e+01 5.330368865947589185e+00 -8.654707912052904462e+00 5.249679055012186346e+00 2.510789253237085461e+00 -1.115447323473238939e+00 -4.991928396872554186e-01 3.968120860458659305e+00 -7.013189336957477149e-01 -1.302433221232466298e+00 1.051464776304899429e+00 6.918087177530302112e-01 3.998013822513855064e+00 -9.680066251243384101e-02 3.791945186272535073e-01 9.301137207704630872e-02 2.367822045812684462e-01 2.290447948514233445e-02 -3.007009717535722229e-02 8.793722566990708200e-03 5.480741879198072070e-02 -3.073881118553754149e-02 -1.440505040368643581e-02 9.736902867226693639e-03
-1.387841845675347940e+01 -1.348130550853022136e+01 7.451778245426444514e+00 9.308262183728960082e+00 -5.039531472344602747e-01 -1.694084276929767319e-01 4.766116036985927451e+00 3.133364570375230862e+00 1.036081305674835806e-01 -2.040280944450124867e+00 -6.027468968504661184e-01 7.783842160536963428e-01 -9.680066251243384101e-02 2.926299329197945998e+00 2.729887993837729412e-02 -1.774633362756915245e-01 -3.023398912435357744e-01 -3.532550142910979851e-02 5.116936535269860434e-03 -8.208280496691933159e-02 -3.875672964403902021e-02 -3.112717807859598923e-02 -8.175917047720349801e-03 -3.820156555031446050e-03
8.287596883836799933e+00 2.376191045910131638e+00 1.489676383275386540e+00 -2.727856488994498285e+00 3.963190507371522564e+00 -6.580759944959161389e-01 -5.000542141706953991e-01 1.069506222808750406e+00 -3.442432591106887041e-01 1.142027412395317659e-01 8.056530445653889427e-02 -5.877012209148765182e-02 3.791945186272535073e-01 2.729887993837729412e-02 1.078557785492237020e+00 5.736579600728479444e-02 6.542274991746027668e-02 7.164855056066236211e-03 -8.248611247211290465e-02 -3.506350063629797703e-03 -6.918149349413918979e-03 -2.658685686349856331e-02 2.437567252203653306e-02 -2.369662160337531256e-02
-4.477677005516114583e+00 4.660549423289210402e+00 -9.130036108597365807e-01 -4.191072573121175537e+00 1.135647753627447631e+00 1.289203221395969212e+00 1.153659320424460955e+00 -1.194856494962938553e+00 6.025305913509926281e-01 2.991470341786846010e-01 5.589159908726846204e-01 6.913471145830124565e-02 9.301137207704630872e-02 -1.774633362756915245e-01 5.736579600728479444e-02 8.668371210087575385e-01 6.906304717148141481e-02 -2.419060276480992228e-02 -8.716736148879236298e-03 2.067906086573006313e-02 -1.969103488460506243e-02 9.373190272184835428e-03 3.610009685970417409e-02 4.075765271866541029e-02
4.976664266895086008e+00 1.506319680655726856e+00 2.167410805616221570e+00 -3.236759215029862080e+00 9.499016963820892112e-01 3.189253345118826521e-01 -1.152391143478092989e-01 4.475199338121728654e-01 1.454839901589947450e-02 6.626171181735936999e-01 2.023053619036778161e-01 1.464544862708968276e-01 2.367822045812684462e-01 -3.023398912435357744e-01 6.542274991746027668e-02 6.906304717148141481e-02 4.160780731499854612e-01 -7.465602128973639062e-03 6.034361928021632349e-02 3.653896111078622222e-02 7.724686486814898861e-03 1.317465987681458103e-02 -2.579561892667744591e-03 8.799591895537188513e-03
-4.571572869037210829e+00 -2.265745075478433179e+00 7.007730051569127649e-01 -2.460896652429652942e+00 -2.029252928465062666e+00 -1.118920798670576922e+00 4.125066977745133201e-01 1.053519050388787903e+00 -4.411392443687108811e-01 -2.931104393717030021e-01 3.618131359025645866e-01 1.655708821326389024e-02 2.290447948514233445e-02 -3.532550142910979851e-02 7.164855056066236211e-03 -2.419060276480992228e-02 -7.465602128973639062e-03 2.472565100296480467e-01 2.793987219794294777e-02 2.002949876462934917e-02 2.228979606008804973e-02 9.344437665928769302e-03 -3.258911684862981616e-03 -5.784750453818048206e-04
1.476528224114285415e+00 -4.449166218742949042e+00 1.087196875988843736e+00 1.586004018501361967e+00 -7.095503836424629229e-01 4.220548453353377694e-01 2.563391303951295108e-01 -3.166494051016547490e-02 -2.512458722700064429e-01 3.024634673748509070e-02 1.639209392273762167e-01 -6.256925067043336841e-02 -3.007009717535722229e-02 5.116936535269860434e-03 -8.248611247211290465e-02 -8.716736148879236298e-03 6.034361928021632349e-02 2.793987219794294777e-02 1.017882245928655865e-01 1.837557644653886949e-02 1.317640815060214764e-02 9.404243484995087124e-03 -1.173783282041945125e-02 1.354648853942780383e-03
-2.123879999493458293e+00 -4.405118256887367578e-01 3.204554666798081763e-01 1.959801605476219066e+00 1.413431200338466642e-01 -1.342812115660614036e-01 -2.773172046247386335e-01 -3.197757047720206636e-01 1.009996974819736132e-01 1.214510570504183651e-01 1.118205279238687344e-01 6.049651272424500133e-03 8.793722566990708200e-03 -8.208280496691933159e-02 -3.506350063629797703e-03 2.067906086573006313e-02 3.653896111078622222e-02 2.002949876462934917e-02 1.837557644653886949e-02 6.676475832319095360e-02 1.917604713042058914e-02 1.428844150060619390e-03 -2.061357687099698525e-03 5.220531481882144907e-03
-1.023996802259290906e+00 -1.619199330185723040e+00 3.930859375460726279e-01 5.178704055018857888e-01 -3.962086793767724546e-01 1.667195793063908360e-01 2.012244967118877459e-01 -6.460941241579891692e-01 -2.551105457106983207e-02 -4.380523266130362942e-02 1.311447715264097563e-02 4.145846017498496655e-02 5.480741879198072070e-02 -3.875672964403902021e-02 -6.918149349413918979e-03 -1.969103488460506243e-02 7.724686486814898861e-03 2.228979606008804973e-02 1.317640815060214764e-02 1.917604713042058914e-02 4.625782084192698457e-02 1.056975454892995422e-02 -1.971148359852726867e-03 6.331052743875659194e-03
-9.900621171904828710e-01 -8.277737879205119276e-01 -1.177962140265871316e-01 -2.626876844470103500e-01 -1.189045757516791479e-01 2.374123116841993786e-01 2.781888880766082983e-01 -3.120238797899162475e-01 -2.454803521137028932e-01 -1.499980237495447399e-01 -1.415897020378785107e-02 1.261851902277480453e-02 -3.073881118553754149e-02 -3.112717807859598923e-02 -2.658685686349856331e-02 9.373190272184835428e-03 1.317465987681458103e-02 9.344437665928769302e-03 9.404243484995087124e-03 1.428844150060619390e-03 1.056975454892995422e-02 2.420493389227915126e-02 7.005986763034553581e-03 7.179853529570384002e-03
-4.872675175578548568e-01 9.583028440292471473e-01 -3.209847666485713402e-01 -5.217340009548104840e-01 -1.843268679169867974e-01 2.801967631108826517e-01 2.016929676444796371e-01 -2.370237965445293020e-03 -1.120311547047170633e-02 5.266749913591383357e-03 -1.198949167447803527e-01 -1.167521344156525163e-02 -1.440505040368643581e-02 -8.175917047720349801e-03 2.437567252203653306e-02 3.610009685970417409e-02 -2.579561892667744591e-03 -3.258911684862981616e-03 -1.173783282041945125e-02 -2.061357687099698525e-03 -1.971148359852726867e-03 7.005986763034553581e-03 1.872466818505662267e-02 6.716583387564914985e-03
-1.006877546449329808e+00 4.361157512714457507e-01 -2.536027284120528358e-01 3.516316488351977076e-01 -5.038755887077754902e-01 4.245968039853122988e-01 1.141931087396207967e-01 -2.765080276458074526e-01 1.716264382258867738e-01 8.836106347649924295e-03 -1.683534598933491763e-02 3.886244781233128692e-02 9.736902867226693639e-03 -3.820156555031446050e-03 -2.369662160337531256e-02 4.075765271866541029e-02 8.799591895537188513e-03 -5.784750453818048206e-04 1.354648853942780383e-03 5.220531481882144907e-03 6.331052743875659194e-03 7.179853529570384002e-03 6.716583387564914985e-03 1.540632635572942652e-02
