1.000000000000000000e+00 -1.619128548064056594e-01 1.646563672040062265e-01 2.799142654078277254e-02 -1.629048641521403107e-01 5.952280653980430991e-02 -1.825417489671159188e-02 -8.347100987714149711e-03 1.530430883441303014e-01 1.318057005174917418e-01 -1.981017492521685019e-01 1.317818741475482516e-02 -1.607537598906652321e-01 -1.700170622113584551e-01 -2.826410913900717081e-01 -1.730653393434140042e-01 -4.628172710781713189e-02 1.069547929131288294e-01 -1.995771383760291395e-01 -8.434272817800607391e-02 2.161985985538889266e-01 -1.669448280667354401e-03 -7.385446650867788509e-02 -1.173870407393667048e-01
-1.619128548064056594e-01 1.000000000000000000e+00 -1.595847128133493498e-01 6.020643374310066798e-02 -8.223907437297901801e-02 -1.138152279672422314e-04 -9.507200684774963495e-02 2.939733773122150950e-02 8.912347758480071436e-03 -1.171497925224479070e-01 -6.812060217686220776e-02 -1.374175307443447902e-01 4.117922248679849878e-02 -6.117940487544427236e-03 5.099587574944156043e-02 -5.309178225826304692e-02 -3.048491935715326798e-02 7.836103286721743388e-02 1.683369526536069860e-01 2.616240659797128623e-02 1.138812367293944444e-01 -4.998534778424646580e-02 -9.341228668274983993e-02 -1.338660890663804504e-01
1.646563672040062265e-01 -1.595847128133493498e-01 1.000000000000000000e+00 -1.254108284796076334e-01 -2.341381592954482338e-01 1.401533341005393174e-01 -1.130308322270821147e-02 6.349554905538959404e-02 2.179121908141889441e-01 -1.039694146185070195e-01 6.071370367719033934e-02 1.223620940670678975e-01 -1.197260664216420883e-01 -9.956624808426942086e-02 -1.306787754251484135e-01 -3.373984825974005869e-02 -1.836891453038289046e-01 -1.406742626276792363e-01 -7.368731189142486981e-02 4.206514214441633460e-03 1.922054515304957578e-01 -1.719837427423242526e-01 -1.135529328642816277e-01 -7.832906228088358513e-02
2.799142654078277254e-02 6.020643374310066798e-02 -1.254108284796076334e-01 1.000000000000000000e+00 -3.741091004401934927e-02 -4.360703969627715421e-02 3.934479295908278884e-02 8.585761744704502318e-02 7.883164564373450200e-02 4.835427215268972567e-02 -1.809222859100701603e-02 9.031219047468055927e-02 3.088125263085813796e-02 1.988301903122071113e-01 -3.892658659002766865e-04 -6.321507646505528100e-02 -2.220804842710661156e-02 2.131572859216916138e-01 9.425695005224779544e-02 2.932807485216077162e-02 1.912846212991821948e-01 6.186683648527128987e-02 6.064116232633848941e-02 5.271659083227429876e-03
-1.629048641521403107e-01 -8.223907437297901801e-02 -2.341381592954482338e-01 -3.741091004401934927e-02 1.000000000000000000e+00 2.127590506846576690e-01 1.470965244359729862e-01 1.821984903096045272e-01 -1.581149237170843547e-01 3.929190785754012316e-02 -8.184165098368613445e-02 -4.776550432732208640e-02 -1.618720459959132330e-01 8.624458969537375508e-02 1.807415250354403036e-01 -8.343425996656916865e-02 -2.047146544432192350e-01 -4.918466443838229174e-02 -1.965617647148737088e-02 -1.065443136399470414e-01 -2.056345293970163468e-01 -3.781370688552529447e-02 2.971495276659247842e-01 6.476409552690179372e-02
5.952280653980430991e-02 -1.138152279672422314e-04 1.401533341005393174e-01 -4.360703969627715421e-02 2.127590506846576690e-01 1.000000000000000000e+00 -1.684722293729571385e-01 7.455562442608811013e-02 8.485005046085650204e-02 -2.282262912274252847e-02 -3.071319694154488536e-02 7.152737740455543392e-02 -4.447147680221204963e-02 1.816703715187747148e-01 -4.495549012671171824e-02 3.251839611231351762e-02 -1.488925230301977286e-02 1.084464600518421362e-01 1.424601855866122757e-02 -1.347918541436102791e-01 -2.517353675980748759e-02 9.521312327066372427e-02 1.570203399660804328e-02 -1.541865460454459325e-01
-1.825417489671159188e-02 -9.507200684774963495e-02 -1.130308322270821147e-02 3.934479295908278884e-02 1.470965244359729862e-01 -1.684722293729571385e-01 1.000000000000000000e+00 1.664751588381408742e-01 5.370214341344782191e-03 5.233340849930287475e-02 2.846186121665936555e-02 1.501503708906951062e-01 -4.420870112079065134e-02 -3.294145179526324074e-02 -1.553283820883537628e-02 6.042801561277303529e-02 -1.275927509600590648e-01 -1.970809869780669465e-01 -1.362959903931472150e-01 -2.929059831208568471e-02 -4.239360088593858295e-02 1.752876204562952012e-01 9.675741580179562928e-02 1.033728733711432729e-01
-8.347100987714149711e-03 2.939733773122150950e-02 6.349554905538959404e-02 8.585761744704502318e-02 1.821984903096045272e-01 7.455562442608811013e-02 1.664751588381408742e-01 1.000000000000000000e+00 2.413018531538764500e-02 -4.605235250977442879e-02 5.215595784802257162e-02 1.407344034831187023e-03 3.183706229688236002e-03 -7.999977529841982571e-02 1.148360250534398302e-01 -3.627831784560280742e-02 -1.030885758269036029e-01 -1.705244619785422633e-01 3.556982270694961784e-02 9.676039135491387722e-02 5.040777254573412108e-02 -1.078026209250498024e-01 1.344578459762518427e-02 -3.010907058495553706e-02
1.530430883441303014e-01 8.912347758480071436e-03 2.179121908141889441e-01 7.883164564373450200e-02 -1.581149237170843547e-01 8.485005046085650204e-02 5.370214341344782191e-03 2.413018531538764500e-02 1.000000000000000000e+00 -7.449334836465398846e-03 -4.500780716112080110e-02 1.972744358532489001e-02 8.604658595386090181e-02 -5.800726089312634171e-02 8.468823196079662552e-02 -7.083938636374192965e-02 1.125947531567804590e-02 -2.756117126456009148e-01 -9.541887363297212390e-03 8.240533633740859676e-03 3.230464921584244031e-01 -2.840215960189653166e-01 -1.469474904185972819e-01 1.343226272682390976e-01
1.318057005174917418e-01 -1.171497925224479070e-01 -1.039694146185070195e-01 4.835427215268972567e-02 3.929190785754012316e-02 -2.282262912274252847e-02 5.233340849930287475e-02 -4.605235250977442879e-02 -7.449334836465398846e-03 1.000000000000000000e+00 -1.478470762145890904e-01 -1.425389571320744941e-04 -1.256223921178573621e-01 1.252082757871756657e-01 1.325495155181977691e-01 7.986721706748549018e-03 -9.821584731594426576e-02 1.225134345206606717e-01 1.460245443681419952e-01 -5.445956455221891146e-02 1.799183456834879402e-01 1.976134735554454375e-02 2.842113074722057986e-02 2.623079488056201947e-01
-1.981017492521685019e-01 -6.812060217686220776e-02 6.071370367719033934e-02 -1.809222859100701603e-02 -8.184165098368613445e-02 -3.071319694154488536e-02 2.846186121665936555e-02 5.215595784802257162e-02 -4.500780716112080110e-02 -1.478470762145890904e-01 1.000000000000000000e+00 -4.392397808262403502e-02 9.201166838145730109e-02 6.483765208444272621e-02 2.610504918829379406e-01 1.600920582786852231e-01 4.169047087745398478e-02 -4.899208481495088974e-02 6.386880396628645540e-02 -9.276909070901034893e-02 -3.004063440569490137e-03 1.480051627635777245e-01 8.011586264875612817e-02 -1.883577269330497655e-02
1.317818741475482516e-02 -1.374175307443447902e-01 1.223620940670678975e-01 9.031219047468055927e-02 -4.776550432732208640e-02 7.152737740455543392e-02 1.501503708906951062e-01 1.407344034831187023e-03 1.972744358532489001e-02 -1.425389571320744941e-04 -4.392397808262403502e-02 1.000000000000000000e+00 -1.955512928138552209e-01 1.425064685103295536e-01 -3.460820735834031076e-02 1.009085835072106446e-01 1.071020349333214744e-01 1.078661829417796175e-01 -3.321369597293248321e-01 1.187907354267284631e-02 3.347617991059993053e-02 1.084945334538515993e-01 -5.783205707112212823e-02 -1.653023268798304302e-01
-1.607537598906652321e-01 4.117922248679849878e-02 -1.197260664216420883e-01 3.088125263085813796e-02 -1.618720459959132330e-01 -4.447147680221204963e-02 -4.420870112079065134e-02 3.183706229688236002e-03 8.604658595386090181e-02 -1.256223921178573621e-01 9.201166838145730109e-02 -1.955512928138552209e-01 1.000000000000000000e+00 -1.982463490027564293e-02 -1.309564113688803932e-01 1.118011680136030278e-01 1.035919040807947722e-01 -1.032815690535747316e-01 -9.350032794953189175e-02 -2.183789464843492456e-01 -1.190913062700199934e-02 -3.516196286300654270e-03 9.989712895455339636e-02 -8.366805874466164139e-02
-1.700170622113584551e-01 -6.117940487544427236e-03 -9.956624808426942086e-02 1.988301903122071113e-01 8.624458969537375508e-02 1.816703715187747148e-01 -3.294145179526324074e-02 -7.999977529841982571e-02 -5.800726089312634171e-02 1.252082757871756657e-01 6.483765208444272621e-02 1.425064685103295536e-01 -1.982463490027564293e-02 1.000000000000000000e+00 -2.283052989478380132e-02 -7.050615390436326679e-02 -6.395698567046283201e-02 8.841950497655902408e-02 -9.470964709134954002e-03 -2.649275956154066927e-02 1.047508931366969154e-01 -2.731079547613428707e-02 1.884111882913586389e-01 1.940981740501939168e-01
-2.826410913900717081e-01 5.099587574944156043e-02 -1.306787754251484135e-01 -3.892658659002766865e-04 1.807415250354403036e-01 -4.495549012671171824e-02 -1.553283820883537628e-02 1.148360250534398302e-01 8.468823196079662552e-02 1.325495155181977691e-01 2.610504918829379406e-01 -3.460820735834031076e-02 -1.309564113688803932e-01 -2.283052989478380132e-02 1.000000000000000000e+00 1.530896212709103588e-01 1.039852491765504844e-01 -1.307517650566482337e-01 1.298497882033697315e-01 -1.381754737066319405e-02 -9.290437977938137415e-02 4.758161374480786993e-02 2.432766902935680833e-02 9.090030752109652668e-02
-1.730653393434140042e-01 -5.309178225826304692e-02 -3.373984825974005869e-02 -6.321507646505528100e-02 -8.343425996656916865e-02 3.251839611231351762e-02 6.042801561277303529e-02 -3.627831784560280742e-02 -7.083938636374192965e-02 7.986721706748549018e-03 1.600920582786852231e-01 1.009085835072106446e-01 1.118011680136030278e-01 -7.050615390436326679e-02 1.530896212709103588e-01 1.000000000000000000e+00 2.171912307869837411e-02 -7.629027438288477070e-02 -9.867797940750930308e-02 -1.031343823774736046e-01 -6.028511479751765684e-02 8.101323184959334511e-02 1.705613818254950176e-01 8.184923386952029645e-02
-4.628172710781713189e-02 -3.048491935715326798e-02 -1.836891453038289046e-01 -2.220804842710661156e-02 -2.047146544432192350e-01 -1.488925230301977286e-02 -1.275927509600590648e-01 -1.030885758269036029e-01 1.125947531567804590e-02 -9.821584731594426576e-02 4.169047087745398478e-02 1.071020349333214744e-01 1.035919040807947722e-01 -6.395698567046283201e-02 1.039852491765504844e-01 2.171912307869837411e-02 1.000000000000000000e+00 1.231317245845932468e-01 -2.979394657940072702e-02 -4.550320111358659159e-02 -5.319640855782447469e-02 -1.400657079745110719e-03 9.988286879901860094e-02 -1.192605184615568165e-01
1.069547929131288294e-01 7.836103286721743388e-02 -1.406742626276792363e-01 2.131572859216916138e-01 -4.918466443838229174e-02 1.084464600518421362e-01 -1.970809869780669465e-01 -1.705244619785422633e-01 -2.756117126456009148e-01 1.225134345206606717e-01 -4.899208481495088974e-02 1.078661829417796175e-01 -1.032815690535747316e-01 8.841950497655902408e-02 -1.307517650566482337e-01 -7.629027438288477070e-02 1.231317245845932468e-01 1.000000000000000000e+00 -3.066414611167903124e-03 5.945284302508620916e-02 2.341167021158130634e-01 -1.207998464685049872e-02 6.777063145602103822e-02 -1.655131472926410219e-01
-1.995771383760291395e-01 1.683369526536069860e-01 -7.368731189142486981e-02 9.425695005224779544e-02 -1.965617647148737088e-02 1.424601855866122757e-02 -1.362959903931472150e-01 3.556982270694961784e-02 -9.541887363297212390e-03 1.460245443681419952e-01 6.386880396628645540e-02 -3.321369597293248321e-01 -9.350032794953189175e-02 -9.470964709134954002e-03 1.298497882033697315e-01 -9.867797940750930308e-02 -2.979394657940072702e-02 -3.066414611167903124e-03 1.000000000000000000e+00 1.594236201785567686e-01 -1.073129319839104395e-01 1.187302019991276630e-01 1.105903320315131388e-01 1.992003153833023232e-01
-8.434272817800607391e-02 2.616240659797128623e-02 4.206514214441633460e-03 2.932807485216077162e-02 -1.065443136399470414e-01 -1.347918541436102791e-01 -2.929059831208568471e-02 9.676039135491387722e-02 8.240533633740859676e-03 -5.445956455221891146e-02 -9.276909070901034893e-02 1.187907354267284631e-02 -2.183789464843492456e-01 -2.649275956154066927e-02 -1.381754737066319405e-02 -1.031343823774736046e-01 -4.550320111358659159e-02 5.945284302508620916e-02 1.594236201785567686e-01 1.000000000000000000e+00 1.315875051384777228e-01 -1.035762212779772762e-01 -9.979450882560615688e-02 4.780205438075892099e-02
2.161985985538889266e-01 1.138812367293944444e-01 1.922054515304957578e-01 1.912846212991821948e-01 -2.056345293970163468e-01 -2.517353675980748759e-02 -4.239360088593858295e-02 5.040777254573412108e-02 3.230464921584244031e-01 1.799183456834879402e-01 -3.004063440569490137e-03 3.347617991059993053e-02 -1.190913062700199934e-02 1.047508931366969154e-01 -9.290437977938137415e-02 -6.028511479751765684e-02 -5.319640855782447469e-02 2.341167021158130634e-01 -1.073129319839104395e-01 1.315875051384777228e-01 1.000000000000000000e+00 -2.006528249157551180e-01 1.656783359618140342e-02 -5.963533399506285720e-02
-1.669448280667354401e-03 -4.998534778424646580e-02 -1.719837427423242526e-01 6.186683648527128987e-02 -3.781370688552529447e-02 9.521312327066372427e-02 1.752876204562952012e-01 -1.078026209250498024e-01 -2.840215960189653166e-01 1.976134735554454375e-02 1.480051627635777245e-01 1.084945334538515993e-01 -3.516196286300654270e-03 -2.731079547613428707e-02 4.758161374480786993e-02 8.101323184959334511e-02 -1.400657079745110719e-03 -1.207998464685049872e-02 1.187302019991276630e-01 -1.035762212779772762e-01 -2.006528249157551180e-01 1.000000000000000000e+00 1.767339000337853072e-01 3.385654635464701353e-03
-7.385446650867788509e-02 -9.341228668274983993e-02 -1.135529328642816277e-01 6.064116232633848941e-02 2.971495276659247842e-01 1.570203399660804328e-02 9.675741580179562928e-02 1.344578459762518427e-02 -1.469474904185972819e-01 2.842113074722057986e-02 8.011586264875612817e-02 -5.783205707112212823e-02 9.989712895455339636e-02 1.884111882913586389e-01 2.432766902935680833e-02 1.705613818254950176e-01 9.988286879901860094e-02 6.777063145602103822e-02 1.105903320315131388e-01 -9.979450882560615688e-02 1.656783359618140342e-02 1.767339000337853072e-01 1.000000000000000000e+00 3.630549939183364549e-01
-1.173870407393667048e-01 -1.338660890663804504e-01 -7.832906228088358513e-02 5.271659083227429876e-03 6.476409552690179372e-02 -1.541865460454459325e-01 1.033728733711432729e-01 -3.010907058495553706e-02 1.343226272682390976e-01 2.623079488056201947e-01 -1.883577269330497655e-02 -1.653023268798304302e-01 -8.366805874466164139e-02 1.940981740501939168e-01 9.090030752109652668e-02 8.184923386952029645e-02 -1.192605184615568165e-01 -1.655131472926410219e-01 1.992003153833023232e-01 4.780205438075892099e-02 -5.963533399506285720e-02 3.385654635464701353e-03 3.630549939183364549e-01 1.000000000000000000e+00
