1.000000000000000000e+00 -1.606948105709293528e-01 -6.510582198413770658e-03 -3.899108604545053341e-02 5.286647628298028062e-02 -1.852985909992284630e-01 1.121015223572065789e-01 -7.465672644975279715e-02 -1.749234169600811517e-01 -5.745075696825090866e-02 -2.499793326700444976e-02 9.625697616870952655e-02 1.276361550973993952e-01 -1.308959368182404936e-01 2.044596767408217788e-02 -1.190451396494174030e-01 4.301113001954084969e-02 2.176126394679827464e-02 -2.408861642714353515e-03 1.058045866106918503e-01 6.078491753665769826e-02 -3.171510202209741613e-02 -4.382191531848745464e-02 -2.279602372393936816e-01
-1.606948105709293528e-01 1.000000000000000000e+00 8.926084955830160261e-02 -8.030674346615290782e-02 -1.926037588281361568e-01 -4.066797576100227019e-03 1.453149865889973580e-01 2.173855841210105555e-01 6.252820682375080652e-02 -1.266108097442209257e-01 -8.728879970789871169e-04 -1.327222611853674794e-01 -1.879031343830354361e-01 3.368346858270519772e-02 2.710462350372776219e-02 4.450638968133443368e-02 -1.189003383844881162e-01 1.309404152888946904e-01 8.557483533914247986e-02 -2.952178401896375648e-02 -1.153024969613470896e-01 1.197431871510704765e-01 -6.442026867376070276e-02 2.342688666534517572e-01
-6.510582198413770658e-03 8.926084955830160261e-02 1.000000000000000000e+00 2.485091694550070965e-02 -5.937837772075730408e-02 -4.096792649395894492e-02 1.160165360204254148e-01 5.905370377986113306e-02 2.174373852959730624e-01 8.420519053719280334e-02 -1.807566112168391276e-02 1.487830188381455143e-01 1.469852642360366113e-01 5.374641854840970893e-03 -1.277548509131426480e-01 2.237248168158351147e-01 6.152333311213822181e-02 -1.705543702274194551e-01 -9.091169976369052608e-02 6.195617558648310041e-02 4.177097716104734987e-02 1.263237929509304636e-01 -3.180198701133607302e-03 1.023979424957568440e-01
-3.899108604545053341e-02 -8.030674346615290782e-02 2.485091694550070965e-02 1.000000000000000000e+00 1.075379867170907916e-01 -1.421608540932997045e-01 -2.375805932130185538e-01 -9.319876872702256843e-02 -1.437468556939340905e-02 -1.535142509232135799e-01 -3.169603577687340329e-02 7.029361847774291683e-02 -5.084602966647071981e-02 -5.813576523997724538e-02 -1.355828839144370135e-01 -2.125140357819803663e-02 1.198896366491819937e-01 3.712104687135673372e-03 -1.178032784485846113e-01 -1.206171630478348883e-01 1.963331049100518200e-02 2.648101021857142690e-01 2.300868423602995816e-01 1.017864850995239823e-01
5.286647628298028062e-02 -1.926037588281361568e-01 -5.937837772075730408e-02 1.075379867170907916e-01 1.000000000000000000e+00 1.834462888460480778e-02 6.076097527731447179e-02 5.823280745134517405e-02 4.499468013998201427e-02 1.647574077295786144e-01 -8.289025571159258990e-03 1.571073564449080029e-01 3.896541023274890242e-02 -3.633281751243173929e-02 3.152301682351991291e-02 -1.307586539799275305e-01 8.656032672344089740e-02 5.057463953103099458e-02 2.212562687760745439e-01 3.472868668960053806e-02 -2.761996204525628273e-02 -4.645741567472180464e-03 -1.386229063502293635e-01 -2.364213170707184231e-01
-1.852985909992284630e-01 -4.066797576100227019e-03 -4.096792649395894492e-02 -1.421608540932997045e-01 1.834462888460480778e-02 1.000000000000000000e+00 -2.227630838052850892e-01 -2.611122909043092633e-01 -1.420915267720760655e-01 -5.409219912902719397e-03 4.606563366101717322e-02 -4.273737020674731740e-02 1.292577901313090027e-01 -3.894749192981383779e-03 1.181473344989743823e-01 5.639375148028512308e-02 5.159598669312637914e-02 -1.032407730540711166e-01 2.602172978553530802e-01 6.452548269865540642e-02 8.138845894793789171e-02 -3.580435292723387064e-02 1.139619063055619802e-01 -3.294934932073453893e-02
1.121015223572065789e-01 1.453149865889973580e-01 1.160165360204254148e-01 -2.375805932130185538e-01 6.076097527731447179e-02 -2.227630838052850892e-01 1.000000000000000000e+00 4.192268704489423570e-01 2.387683291392582452e-01 1.524382817972596837e-01 1.443431211791176560e-01 2.319285693680755711e-01 -1.172796601096335462e-01 6.256295498424632728e-02 4.118239059199244045e-02 -1.995240152739954365e-01 -1.316943430021575052e-02 -1.956427394733673830e-01 5.524402579078342701e-02 -3.500736520344211594e-02 -5.377223093527271069e-02 -1.430323319725454456e-01 -1.222494040941447674e-01 -3.418956874115803846e-01
-7.465672644975279715e-02 2.173855841210105555e-01 5.905370377986113306e-02 -9.319876872702256843e-02 5.823280745134517405e-02 -2.611122909043092633e-01 4.192268704489423570e-01 1.000000000000000000e+00 1.712857429909235840e-01 1.530804392508517131e-01 3.171441235643220752e-02 2.133902699541555537e-01 -1.054647819473091414e-01 -1.090649283694958283e-01 -5.531501441619753739e-02 -1.565299890481002820e-01 -1.710908584928991227e-02 9.151617081432356082e-02 -5.579538219672455779e-02 3.845787115963460179e-02 -1.568124207962615091e-01 2.707221584104209378e-02 -1.358184013651216604e-01 -1.181988940378968095e-01
-1.749234169600811517e-01 6.252820682375080652e-02 2.174373852959730624e-01 -1.437468556939340905e-02 4.499468013998201427e-02 -1.420915267720760655e-01 2.387683291392582452e-01 1.712857429909235840e-01 1.000000000000000000e+00 6.225441761846546573e-02 -5.580409393894305431e-02 4.315857106285377748e-02 -9.025730061634658352e-02 -4.304268371523303771e-02 -7.574219065477920051e-03 -2.796064048249544479e-02 5.367627316074394250e-02 8.199565333418971924e-02 2.548350173380636245e-03 5.820777531850818143e-02 -6.568334543744461240e-02 -9.185222131302492321e-02 -8.061496398683407061e-02 2.493444805650962826e-02
-5.745075696825090866e-02 -1.266108097442209257e-01 8.420519053719280334e-02 -1.535142509232135799e-01 1.647574077295786144e-01 -5.409219912902719397e-03 1.524382817972596837e-01 1.530804392508517131e-01 6.225441761846546573e-02 1.000000000000000000e+00 -8.098055071358391255e-02 5.027282567282347070e-02 1.291909776790190270e-02 1.047863323521234374e-01 2.016541125929794120e-01 -5.635448471207121779e-02 1.281188467410658560e-01 -1.125855157878794532e-01 -1.416091527161130034e-03 3.329704818995953691e-02 2.730215871532377242e-02 -1.264716281455248448e-01 1.008924029838606934e-01 -3.792719307037085291e-02
-2.499793326700444976e-02 -8.728879970789871169e-04 -1.807566112168391276e-02 -3.169603577687340329e-02 -8.289025571159258990e-03 4.606563366101717322e-02 1.443431211791176560e-01 3.171441235643220752e-02 -5.580409393894305431e-02 -8.098055071358391255e-02 1.000000000000000000e+00 3.216791005347034993e-01 1.029709295023275781e-02 -8.784902942205899054e-03 -8.992944029378288628e-02 6.285367408795192613e-04 1.604695201512950919e-01 1.598413872826228155e-01 -2.089147785637138904e-02 -1.586744663594919988e-02 -4.380532440314655052e-02 -2.407407688458461370e-01 -5.835481986778789931e-02 1.304816702722623178e-01
9.625697616870952655e-02 -1.327222611853674794e-01 1.487830188381455143e-01 7.029361847774291683e-02 1.571073564449080029e-01 -4.273737020674731740e-02 2.319285693680755711e-01 2.133902699541555537e-01 4.315857106285377748e-02 5.027282567282347070e-02 3.216791005347034993e-01 1.000000000000000000e+00 1.623993101402556039e-01 -1.466684774000330538e-01 -8.981338594680054067e-04 4.655532112849564141e-02 1.602467215487992924e-01 -1.337809634371997791e-01 -5.634059958937628378e-03 6.327278203573570570e-02 -4.698159824978782179e-02 -5.612479981248895584e-03 -1.748345050828758185e-01 -1.377339129778331062e-01
1.276361550973993952e-01 -1.879031343830354361e-01 1.469852642360366113e-01 -5.084602966647071981e-02 3.896541023274890242e-02 1.292577901313090027e-01 -1.172796601096335462e-01 -1.054647819473091414e-01 -9.025730061634658352e-02 1.291909776790190270e-02 1.029709295023275781e-02 1.623993101402556039e-01 1.000000000000000000e+00 -2.928859200384282824e-01 1.143511078287671456e-01 1.711356589415565232e-01 -2.002174615079466424e-01 -3.142961336993160826e-02 5.067766061343303291e-02 7.163451083901239969e-02 1.996711372817283267e-02 -4.007098282849752557e-02 -9.960890743189027008e-02 -1.712939514396776691e-02
-1.308959368182404936e-01 3.368346858270519772e-02 5.374641854840970893e-03 -5.813576523997724538e-02 -3.633281751243173929e-02 -3.894749192981383779e-03 6.256295498424632728e-02 -1.090649283694958283e-01 -4.304268371523303771e-02 1.047863323521234374e-01 -8.784902942205899054e-03 -1.466684774000330538e-01 -2.928859200384282824e-01 1.000000000000000000e+00 -1.215013826711892481e-01 7.004887822627584026e-02 7.772478586180971150e-02 -1.142393225711218346e-01 2.509837525274335318e-02 1.575269428259069016e-01 4.891869595735812842e-02 -9.831454520593342628e-02 1.081526674950852585e-01 5.626683381288744012e-03
2.044596767408217788e-02 2.710462350372776219e-02 -1.277548509131426480e-01 -1.355828839144370135e-01 3.152301682351991291e-02 1.181473344989743823e-01 4.118239059199244045e-02 -5.531501441619753739e-02 -7.574219065477920051e-03 2.016541125929794120e-01 -8.992944029378288628e-02 -8.981338594680054067e-04 1.143511078287671456e-01 -1.215013826711892481e-01 1.000000000000000000e+00 9.736767463346751930e-03 4.347105256078780990e-03 -2.502103730671237022e-02 2.324535289244247446e-02 3.530635474791459644e-02 -1.949967511421291932e-01 -1.560003144212861459e-01 1.574450797105906436e-02 -5.962199563427200005e-02
-1.190451396494174030e-01 4.450638968133443368e-02 2.237248168158351147e-01 -2.125140357819803663e-02 -1.307586539799275305e-01 5.639375148028512308e-02 -1.995240152739954365e-01 -1.565299890481002820e-01 -2.796064048249544479e-02 -5.635448471207121779e-02 6.285367408795192613e-04 4.655532112849564141e-02 1.711356589415565232e-01 7.004887822627584026e-02 9.736767463346751930e-03 1.000000000000000000e+00 -1.226334113414355165e-01 -4.573680446059447818e-02 -9.217354652527827430e-02 -5.034356988225080140e-03 1.023427611504926088e-01 4.756487889472875430e-02 6.071605282270931686e-02 1.020570988785252792e-01
4.301113001954084969e-02 -1.189003383844881162e-01 6.152333311213822181e-02 1.198896366491819937e-01 8.656032672344089740e-02 5.159598669312637914e-02 -1.316943430021575052e-02 -1.710908584928991227e-02 5.367627316074394250e-02 1.281188467410658560e-01 1.604695201512950919e-01 1.602467215487992924e-01 -2.002174615079466424e-01 7.772478586180971150e-02 4.347105256078780990e-03 -1.226334113414355165e-01 1.000000000000000000e+00 -1.430759986409085513e-02 1.318715042159820383e-01 1.645353843735501975e-01 -2.038373947878303616e-01 -5.820770979220981495e-02 2.466403752722522505e-02 4.786138920745873493e-02
2.176126394679827464e-02 1.309404152888946904e-01 -1.705543702274194551e-01 3.712104687135673372e-03 5.057463953103099458e-02 -1.032407730540711166e-01 -1.956427394733673830e-01 9.151617081432356082e-02 8.199565333418971924e-02 -1.125855157878794532e-01 1.598413872826228155e-01 -1.337809634371997791e-01 -3.142961336993160826e-02 -1.142393225711218346e-01 -2.502103730671237022e-02 -4.573680446059447818e-02 -1.430759986409085513e-02 1.000000000000000000e+00 -1.731014402375623540e-01 6.978422464917641288e-02 -1.232417652117703821e-01 -1.493018623652671850e-01 -2.796800168765964378e-01 1.217576721582167981e-01
-2.408861642714353515e-03 8.557483533914247986e-02 -9.091169976369052608e-02 -1.178032784485846113e-01 2.212562687760745439e-01 2.602172978553530802e-01 5.524402579078342701e-02 -5.579538219672455779e-02 2.548350173380636245e-03 -1.416091527161130034e-03 -2.089147785637138904e-02 -5.634059958937628378e-03 5.067766061343303291e-02 2.509837525274335318e-02 2.324535289244247446e-02 -9.217354652527827430e-02 1.318715042159820383e-01 -1.731014402375623540e-01 1.000000000000000000e+00 1.116226558690470716e-01 -1.020387586230838972e-01 9.026375332733757584e-02 -7.670203810473427697e-02 -2.070561684749195469e-02
1.058045866106918503e-01 -2.952178401896375648e-02 6.195617558648310041e-02 -1.206171630478348883e-01 3.472868668960053806e-02 6.452548269865540642e-02 -3.500736520344211594e-02 3.845787115963460179e-02 5.820777531850818143e-02 3.329704818995953691e-02 -1.586744663594919988e-02 6.327278203573570570e-02 7.163451083901239969e-02 1.575269428259069016e-01 3.530635474791459644e-02 -5.034356988225080140e-03 1.645353843735501975e-01 6.978422464917641288e-02 1.116226558690470716e-01 1.000000000000000000e+00 -5.013982612398495964e-02 -6.590590091462270039e-02 1.760342764063827295e-02 1.079005936396748161e-01
6.078491753665769826e-02 -1.153024969613470896e-01 4.177097716104734987e-02 1.963331049100518200e-02 -2.761996204525628273e-02 8.138845894793789171e-02 -5.377223093527271069e-02 -1.568124207962615091e-01 -6.568334543744461240e-02 2.730215871532377242e-02 -4.380532440314655052e-02 -4.698159824978782179e-02 1.996711372817283267e-02 4.891869595735812842e-02 -1.949967511421291932e-01 1.023427611504926088e-01 -2.038373947878303616e-01 -1.232417652117703821e-01 -1.020387586230838972e-01 -5.013982612398495964e-02 1.000000000000000000e+00 -1.289918075413235554e-01 6.103784700797022095e-02 -1.723963378123553047e-01
-3.171510202209741613e-02 1.197431871510704765e-01 1.263237929509304636e-01 2.648101021857142690e-01 -4.645741567472180464e-03 -3.580435292723387064e-02 -1.430323319725454456e-01 2.707221584104209378e-02 -9.185222131302492321e-02 -1.264716281455248448e-01 -2.407407688458461370e-01 -5.612479981248895584e-03 -4.007098282849752557e-02 -9.831454520593342628e-02 -1.560003144212861459e-01 4.756487889472875430e-02 -5.820770979220981495e-02 -1.493018623652671850e-01 9.026375332733757584e-02 -6.590590091462270039e-02 -1.289918075413235554e-01 1.000000000000000000e+00 2.435021303255336944e-01 1.070913688455298468e-01
-4.382191531848745464e-02 -6.442026867376070276e-02 -3.180198701133607302e-03 2.300868423602995816e-01 -1.386229063502293635e-01 1.139619063055619802e-01 -1.222494040941447674e-01 -1.358184013651216604e-01 -8.061496398683407061e-02 1.008924029838606934e-01 -5.835481986778789931e-02 -1.748345050828758185e-01 -9.960890743189027008e-02 1.081526674950852585e-01 1.574450797105906436e-02 6.071605282270931686e-02 2.466403752722522505e-02 -2.796800168765964378e-01 -7.670203810473427697e-02 1.760342764063827295e-02 6.103784700797022095e-02 2.435021303255336944e-01 1.000000000000000000e+00 4.229913782577622294e-01
-2.279602372393936816e-01 2.342688666534517572e-01 1.023979424957568440e-01 1.017864850995239823e-01 -2.364213170707184231e-01 -3.294934932073453893e-02 -3.418956874115803846e-01 -1.181988940378968095e-01 2.493444805650962826e-02 -3.792719307037085291e-02 1.304816702722623178e-01 -1.377339129778331062e-01 -1.712939514396776691e-02 5.626683381288744012e-03 -5.962199563427200005e-02 1.020570988785252792e-01 4.786138920745873493e-02 1.217576721582167981e-01 -2.070561684749195469e-02 1.079005936396748161e-01 -1.723963378123553047e-01 1.070913688455298468e-01 4.229913782577622294e-01 1.000000000000000000e+00
