5.616012728715002595e+03 -6.668521585326315062e+02 4.184615075999228111e+02 4.999766125245563586e+01 -2.556973250335067576e+02 6.252375149808384691e+01 -1.538914080747473001e+01 -5.979645179707742564e+00 7.607201768191239921e+01 4.728094102023960943e+01 -5.460958939025400838e+01 2.635624343825016425e+00 -2.449113706694307879e+01 -1.986584225736594078e+01 -2.344303644188715552e+01 -1.003997338946947693e+01 -2.074385324725494417e+00 3.002813796031353011e+00 -5.447114820346921960e+00 -1.551868378975206797e+00 2.896122523706861518e+00 -1.699709973705607405e-02 -4.882598252850913201e-01 -6.617166762590265261e-01
-6.668521585326315062e+02 3.020427242214802391e+03 -2.974324989663868450e+02 7.886561752187917307e+01 -9.466522987322741756e+01 -8.767628671868980816e-02 -5.877937651476761260e+01 1.544428816069941668e+01 3.248803813163629872e+00 -3.081864848606147333e+01 -1.377143595364483986e+01 -2.015533953621213570e+01 4.600935016650037568e+00 -5.242517281684064834e-01 3.101942642940691552e+00 -2.258759102118546025e+00 -1.002040032064665631e+00 1.613423768962612526e+00 3.369421535498452691e+00 3.530246878870432203e-01 1.118758580564545912e+00 -3.732198374314091294e-01 -4.528958875435420972e-01 -5.534044516861282847e-01
4.184615075999228111e+02 -2.974324989663868450e+02 1.150074273115447113e+03 -1.013698017047121880e+02 -1.663080360504719977e+02 6.662143211137502874e+01 -4.312191050143006521e+00 2.058410232869457346e+01 4.901642623253712117e+01 -1.687743403556337540e+01 7.573841806649802777e+00 1.107448741381144508e+01 -8.254398393198886907e+00 -5.264722923887749317e+00 -4.904926680450791387e+00 -8.857567917289099757e-01 -3.725737645500758699e+00 -1.787276319604689689e+00 -9.101172690445310520e-01 3.502502892156787728e-02 1.165141471831629527e+00 -7.923884782576673391e-01 -3.397202885536802497e-01 -1.998130067957243627e-01
4.999766125245563586e+01 7.886561752187917307e+01 -1.013698017047121880e+02 5.680953463277940045e+02 -1.867613392619213641e+01 -1.456849896077620521e+01 1.054960027529753930e+01 1.956208553168589148e+01 1.246259211098588082e+01 5.516750494195014731e+00 -1.586241256017152823e+00 5.744745329458769589e+00 1.496371030516986611e+00 7.389131192323201702e+00 -1.026884167976426822e-02 -1.166379035875821035e+00 -3.165824560230289242e-01 1.903377395337473521e+00 8.182117192886322332e-01 1.716276948247430212e-01 8.149682440064364153e-01 2.003347724081823433e-01 1.275082593472367798e-01 9.451392871623665037e-03
-2.556973250335067576e+02 -9.466522987322741756e+01 -1.663080360504719977e+02 -1.867613392619213641e+01 4.386884314404164797e+02 6.246168863412870564e+01 3.465920738923423983e+01 3.647947420567088272e+01 -2.196585570762355388e+01 3.939300254403367063e+00 -6.305492764260432814e+00 -2.669969174760601138e+00 -6.892610140745717651e+00 2.816504080120818099e+00 4.189870044524810488e+00 -1.352791702879155622e+00 -2.564441851463130639e+00 -3.859418846754676391e-01 -1.499404570859969588e-01 -5.479003330957958884e-01 -7.698819676169413873e-01 -1.076007147634032296e-01 5.490517998085685525e-01 1.020352608600737371e-01
6.252375149808384691e+01 -8.767628671868980816e-02 6.662143211137502874e+01 -1.456849896077620521e+01 6.246168863412870564e+01 1.964695147779437150e+02 -2.656525772007467978e+01 9.989728914433365858e+00 7.888544210652721489e+00 -1.531267747975649796e+00 -1.583576943182549934e+00 2.675676946755646490e+00 -1.267251767508033256e+00 3.970380452320568576e+00 -6.974207149107306547e-01 3.528459403076792400e-01 -1.248206120753502096e-01 5.694781638425152615e-01 7.272484244061157288e-02 -4.638786997293768422e-01 -6.307276025546348919e-02 1.813143634852609487e-01 1.941617527892121331e-02 -1.625668346477611437e-01
-1.538914080747473001e+01 -5.877937651476761260e+01 -4.312191050143006521e+00 1.054960027529753930e+01 3.465920738923423983e+01 -2.656525772007467978e+01 1.265541084790945234e+02 1.790248288892364670e+01 4.007069887404324238e-01 2.818091059178470914e+00 1.177790318243172374e+00 4.507942029814220319e+00 -1.011066328402657089e+00 -5.778049967683398513e-01 -1.933986608268778162e-01 5.262412392441196962e-01 -8.584795572099568339e-01 -8.306096310809361061e-01 -5.584224903830441455e-01 -8.090205716059714613e-02 -8.524883374121261514e-02 2.679027562404477369e-01 9.602461385240787517e-02 8.747472705402148385e-02
-5.979645179707742564e+00 1.544428816069941668e+01 2.058410232869457346e+01 1.956208553168589148e+01 3.647947420567088272e+01 9.989728914433365858e+00 1.790248288892364670e+01 9.138005392049794295e+01 1.529972183077234815e+00 -2.107246793013841657e+00 1.833986732721820667e+00 3.590374663630788166e-02 6.187175854526959229e-02 -1.192380611186169004e+00 1.214977893087934024e+00 -2.684610399496868971e-01 -5.893890692606362780e-01 -6.106980068281689933e-01 1.238366235924518027e-01 2.270996781592133085e-01 8.613372452000987722e-02 -1.400047713130932459e-01 1.133892907670349878e-02 -2.165015142738806880e-02
7.607201768191239921e+01 3.248803813163629872e+00 4.901642623253712117e+01 1.246259211098588082e+01 -2.196585570762355388e+01 7.888544210652721489e+00 4.007069887404324238e-01 1.529972183077234815e+00 4.399409064089815047e+01 -2.365116535706551226e-01 -1.098124511491280986e+00 3.492060599429023249e-01 1.160284749234839596e+00 -5.999015230572122270e-01 6.217055699944528113e-01 -3.637310571839586504e-01 4.466642131914147495e-02 -6.848712761107259572e-01 -2.305011811782832140e-02 1.341978958682644996e-02 3.830118556807498575e-01 -2.559389288752051961e-01 -8.598437335074769761e-02 6.701688442270110901e-02
4.728094102023960943e+01 -3.081864848606147333e+01 -1.687743403556337540e+01 5.516750494195014731e+00 3.939300254403367063e+00 -1.531267747975649796e+00 2.818091059178470914e+00 -2.107246793013841657e+00 -2.365116535706551226e-01 2.291267275743594212e+01 -2.603257783994647134e+00 -1.820896420385032573e-03 -1.222471387211889304e+00 9.344828698116584009e-01 7.022318779267435751e-01 2.959476187490769905e-02 -2.811805501266214091e-01 2.197028551451946921e-01 2.545689510206861073e-01 -6.400372318859574861e-02 1.539442033399472942e-01 1.285115732153702117e-02 1.200160732248255376e-02 9.444679198367612882e-02
-5.460958939025400838e+01 -1.377143595364483986e+01 7.573841806649802777e+00 -1.586241256017152823e+00 -6.305492764260432814e+00 -1.583576943182549934e+00 1.177790318243172374e+00 1.833986732721820667e+00 -1.098124511491280986e+00 -2.603257783994647134e+00 1.353110044397388023e+01 -4.312032386077591095e-01 6.880868088158628160e-01 3.718726786123012773e-01 1.062809907725065228e+00 4.558739426288824226e-01 9.172108671933656976e-02 -6.751598210983038306e-02 8.556517429993321100e-02 -8.378437923564518996e-02 -1.975266389531673671e-03 7.396584714871269617e-02 2.599831830191172422e-02 -5.211801700653383683e-03
2.635624343825016425e+00 -2.015533953621213570e+01 1.107448741381144508e+01 5.744745329458769589e+00 -2.669969174760601138e+00 2.675676946755646490e+00 4.507942029814220319e+00 3.590374663630788166e-02 3.492060599429023249e-01 -1.820896420385032573e-03 -4.312032386077591095e-01 7.122419965701610067e+00 -1.060982566927161974e+00 5.929919532393295167e-01 -1.022250690628387498e-01 2.084732421235346023e-01 1.709532429661314856e-01 1.078482765034153301e-01 -3.228291122231312649e-01 7.783762164609482788e-03 1.596980808806532093e-02 3.933774469431869369e-02 -1.361578275722350254e-02 -3.318414553212281626e-02
-2.449113706694307879e+01 4.600935016650037568e+00 -8.254398393198886907e+00 1.496371030516986611e+00 -6.892610140745717651e+00 -1.267251767508033256e+00 -1.011066328402657089e+00 6.187175854526959229e-02 1.160284749234839596e+00 -1.222471387211889304e+00 6.880868088158628160e-01 -1.060982566927161974e+00 4.133020270946326846e+00 -6.284046629127069961e-02 -2.946626244809211759e-01 1.759496997874425150e-01 1.259579012744822812e-01 -7.866303607202483617e-02 -6.922908614625210288e-02 -1.090028195073468320e-01 -4.327766707337842196e-03 -9.711687301247689218e-04 1.791624360084706838e-02 -1.279473642758123357e-02
-1.986584225736594078e+01 -5.242517281684064834e-01 -5.264722923887749317e+00 7.389131192323201702e+00 2.816504080120818099e+00 3.970380452320568576e+00 -5.778049967683398513e-01 -1.192380611186169004e+00 -5.999015230572122270e-01 9.344828698116584009e-01 3.718726786123012773e-01 5.929919532393295167e-01 -6.284046629127069961e-02 2.431089047583986140e+00 -3.939861403261620681e-02 -8.510123835199544240e-02 -5.964228212527117323e-02 5.164908381658181447e-02 -5.378192573598963855e-03 -1.014193514253455310e-02 2.919498006398032336e-02 -5.785256183496426292e-03 2.591596032053657128e-02 2.276458653185030670e-02
-2.344303644188715552e+01 3.101942642940691552e+00 -4.904926680450791387e+00 -1.026884167976426822e-02 4.189870044524810488e+00 -6.974207149107306547e-01 -1.933986608268778162e-01 1.214977893087934024e+00 6.217055699944528113e-01 7.022318779267435751e-01 1.062809907725065228e+00 -1.022250690628387498e-01 -2.946626244809211759e-01 -3.939861403261620681e-02 1.224980115411237636e+00 1.311652193623544238e-01 6.883385437706332488e-02 -5.421583980258746355e-02 5.234165638735018000e-02 -3.754816167550964218e-03 -1.838022074613797005e-02 7.154701157805645577e-03 2.375336829768509572e-03 7.567767054756351780e-03
-1.003997338946947693e+01 -2.258759102118546025e+00 -8.857567917289099757e-01 -1.166379035875821035e+00 -1.352791702879155622e+00 3.528459403076792400e-01 5.262412392441196962e-01 -2.684610399496868971e-01 -3.637310571839586504e-01 2.959476187490769905e-02 4.558739426288824226e-01 2.084732421235346023e-01 1.759496997874425150e-01 -8.510123835199544240e-02 1.311652193623544238e-01 5.992621436361964538e-01 1.005579799520766628e-02 -2.212542940903794789e-02 -2.782084820745994030e-02 -1.960221243252652581e-02 -8.341968182588411357e-03 8.520247124398366498e-03 1.164794501648330587e-02 4.766075566999287624e-03
-2.074385324725494417e+00 -1.002040032064665631e+00 -3.725737645500758699e+00 -3.165824560230289242e-01 -2.564441851463130639e+00 -1.248206120753502096e-01 -8.584795572099568339e-01 -5.893890692606362780e-01 4.466642131914147495e-02 -2.811805501266214091e-01 9.172108671933656976e-02 1.709532429661314856e-01 1.259579012744822812e-01 -5.964228212527117323e-02 6.883385437706332488e-02 1.005579799520766628e-02 3.577104805422509637e-01 2.758988588645630916e-02 -6.489863523630658160e-03 -6.681915510178212253e-03 -5.687195534758854309e-03 -1.138113212184758348e-04 5.270077770938386662e-03 -5.365379046450553455e-03
3.002813796031353011e+00 1.613423768962612526e+00 -1.787276319604689689e+00 1.903377395337473521e+00 -3.859418846754676391e-01 5.694781638425152615e-01 -8.306096310809361061e-01 -6.106980068281689933e-01 -6.848712761107259572e-01 2.197028551451946921e-01 -6.751598210983038306e-02 1.078482765034153301e-01 -7.866303607202483617e-02 5.164908381658181447e-02 -5.421583980258746355e-02 -2.212542940903794789e-02 2.758988588645630916e-02 1.403551068713980998e-01 -4.183951891155181214e-04 5.468647551692995198e-03 1.567821163229939432e-02 -6.148487632582454307e-04 2.239833965584710814e-03 -4.664278674565086082e-03
-5.447114820346921960e+00 3.369421535498452691e+00 -9.101172690445310520e-01 8.182117192886322332e-01 -1.499404570859969588e-01 7.272484244061157288e-02 -5.584224903830441455e-01 1.238366235924518027e-01 -2.305011811782832140e-02 2.545689510206861073e-01 8.556517429993321100e-02 -3.228291122231312649e-01 -6.922908614625210288e-02 -5.378192573598963855e-03 5.234165638735018000e-02 -2.782084820745994030e-02 -6.489863523630658160e-03 -4.183951891155181214e-04 1.326427123265215557e-01 1.425566763152353450e-02 -6.986244372004235537e-03 5.874767931354681234e-03 3.553195007661952981e-03 5.457196628238103128e-03
-1.551868378975206797e+00 3.530246878870432203e-01 3.502502892156787728e-02 1.716276948247430212e-01 -5.479003330957958884e-01 -4.638786997293768422e-01 -8.090205716059714613e-02 2.270996781592133085e-01 1.341978958682644996e-02 -6.400372318859574861e-02 -8.378437923564518996e-02 7.783762164609482788e-03 -1.090028195073468320e-01 -1.014193514253455310e-02 -3.754816167550964218e-03 -1.960221243252652581e-02 -6.681915510178212253e-03 5.468647551692995198e-03 1.425566763152353450e-02 6.028182544062590104e-02 5.775078148571609338e-03 -3.454944475584615250e-03 -2.161523824929795310e-03 8.828311380683156150e-04
2.896122523706861518e+00 1.118758580564545912e+00 1.165141471831629527e+00 8.149682440064364153e-01 -7.698819676169413873e-01 -6.307276025546348919e-02 -8.524883374121261514e-02 8.613372452000987722e-02 3.830118556807498575e-01 1.539442033399472942e-01 -1.975266389531673671e-03 1.596980808806532093e-02 -4.327766707337842196e-03 2.919498006398032336e-02 -1.838022074613797005e-02 -8.341968182588411357e-03 -5.687195534758854309e-03 1.567821163229939432e-02 -6.986244372004235537e-03 5.775078148571609338e-03 3.195214586498759668e-02 -4.872850701785687473e-03 2.612618052170625604e-04 -8.018470845306843817e-04
-1.699709973705607405e-02 -3.732198374314091294e-01 -7.923884782576673391e-01 2.003347724081823433e-01 -1.076007147634032296e-01 1.813143634852609487e-01 2.679027562404477369e-01 -1.400047713130932459e-01 -2.559389288752051961e-01 1.285115732153702117e-02 7.396584714871269617e-02 3.933774469431869369e-02 -9.711687301247689218e-04 -5.785256183496426292e-03 7.154701157805645577e-03 8.520247124398366498e-03 -1.138113212184758348e-04 -6.148487632582454307e-04 5.874767931354681234e-03 -3.454944475584615250e-03 -4.872850701785687473e-03 1.845761673380327123e-02 2.118204359131457479e-03 3.459938264813674672e-05
-4.882598252850913201e-01 -4.528958875435420972e-01 -3.397202885536802497e-01 1.275082593472367798e-01 5.490517998085685525e-01 1.941617527892121331e-02 9.602461385240787517e-02 1.133892907670349878e-02 -8.598437335074769761e-02 1.200160732248255376e-02 2.599831830191172422e-02 -1.361578275722350254e-02 1.791624360084706838e-02 2.591596032053657128e-02 2.375336829768509572e-03 1.164794501648330587e-02 5.270077770938386662e-03 2.239833965584710814e-03 3.553195007661952981e-03 -2.161523824929795310e-03 2.612618052170625604e-04 2.118204359131457479e-03 7.782522207770922913e-03 2.409186843185098792e-03
-6.617166762590265261e-01 -5.534044516861282847e-01 -1.998130067957243627e-01 9.451392871623665037e-03 1.020352608600737371e-01 -1.625668346477611437e-01 8.747472705402148385e-02 -2.165015142738806880e-02 6.701688442270110901e-02 9.444679198367612882e-02 -5.211801700653383683e-03 -3.318414553212281626e-02 -1.279473642758123357e-02 2.276458653185030670e-02 7.567767054756351780e-03 4.766075566999287624e-03 -5.365379046450553455e-03 -4.664278674565086082e-03 5.457196628238103128e-03 8.828311380683156150e-04 -8.018470845306843817e-04 3.459938264813674672e-05 2.409186843185098792e-03 5.658167072051125887e-03
