1.147797518090820267e+04 -7.495492833032579938e+02 -5.186797781514666212e+02 -4.757104613793277395e+02 1.246485005247028965e+02 -5.083453410255242488e+02 3.526074151216390646e+02 -1.294152481499223768e+02 -2.234788420901863049e+02 -5.207777539876097705e+01 1.118280045041089643e+01 3.526361436460067722e+01 4.125006294498022896e+01 -1.038673513643813173e+01 1.684367650927584847e+01 -1.254850394581985995e+01 1.113068646682775054e+00 -4.352526933760655581e+00 3.684455085022637189e+00 3.550923149990562688e+00 1.706102058278696543e+00 -2.395347617469917534e+00 -3.016736712900841777e+00 -5.149746787345987897e+00
-7.495492833032579938e+02 7.182014224157684112e+03 6.820433492703760976e+02 2.725598426783168406e+02 -4.711109903636637455e+02 3.322096890084288248e+02 9.432502620675541039e+01 8.159665177690085613e+01 1.566833925211087148e+02 -1.787158953165495001e+00 2.360033232629850630e+01 -2.898909031298085281e+01 -3.157464901307429983e+01 2.248400058433814852e+00 5.523748827601253630e+00 3.782376407511123695e+00 -6.418462950935380995e+00 2.472671934381966086e+00 4.391816686008453985e+00 1.103548536968268712e+00 -1.191643126259093632e+00 3.783037735533897550e+00 1.930044742995198570e+00 3.545492185537768570e+00
-5.186797781514666212e+02 6.820433492703760976e+02 4.795097348386570047e+03 -2.904284908132611918e+02 3.244207549130651103e+01 1.018753690983818672e+02 1.652984993693025331e+02 2.698808264819238190e+01 1.390148756758115383e+02 3.236878814272520088e+01 -1.330580257454484894e+01 2.774021089254820271e+00 2.389458276635913236e+01 -6.644725303919897463e+00 -7.114687616161532446e+00 8.808514462173063109e+00 2.630263894987390660e+00 -4.527456414283050457e+00 -5.801067166566528321e+00 2.089295538378306283e+00 8.176580693562168767e-01 1.561722526325696192e+00 7.056634271184857032e-02 3.896763937890545537e-01
-4.757104613793277395e+02 2.725598426783168406e+02 -2.904284908132611918e+02 4.294583642723093362e+03 1.694396630748557868e+02 -1.601588735233073635e+02 -3.310883782492035152e+02 -5.154893012937651520e+01 -8.217417118422994804e+01 -5.273647501638698287e+01 6.407096050108862961e+00 2.274972809430971665e+01 -1.609303527987993832e+01 -1.738224637504124459e+01 -2.774765736756765477e+01 -1.724030566259918407e-01 5.435406740621171018e+00 -2.188801209208119047e+00 -2.175424971686676923e+00 -1.831310272458080313e+00 1.013017140429616880e+00 2.422828592847332096e+00 1.149130484958293064e+00 -2.254443534846664043e-01
1.246485005247028965e+02 -4.711109903636637455e+02 3.244207549130651103e+01 1.694396630748557868e+02 1.116366337304166336e+03 -1.919954832407713496e+01 8.908150019072652981e+01 4.426516288678670463e+01 1.867215943125690103e+01 2.354463769655718508e+01 1.130751600763721110e-01 1.400902991241407669e+01 6.034289527089289784e+00 -2.020414081457708289e+00 -7.207665416609607689e-01 -2.883003157464544053e+00 1.896453832090619906e+00 -3.095173503236012813e-01 2.528462515011800527e+00 8.219165456482425691e-01 -4.994660928396281729e-01 -3.837804851094496761e-01 -8.997590384315706791e-01 -9.670054135337682322e-01
-5.083453410255242488e+02 3.322096890084288248e+02 1.018753690983818672e+02 -1.601588735233073635e+02 -1.919954832407713496e+01 7.656622091283711597e+02 -1.219548943992005974e+02 -8.785461265541124476e+01 -7.239400028267143128e+00 -1.722270746118310925e+01 -3.243230786611191796e+00 -1.534818331550375392e+00 1.139990071504548652e+01 -8.119844880998416947e-01 -1.009656310322307959e+00 1.623362323238795868e-01 -2.169493167631896258e-01 -1.315736221951698370e+00 3.130148454847776485e+00 -1.147396338781358077e-01 -1.897065855667819101e-01 -5.851006397977306928e-02 4.535728623389139735e-01 3.246306758418878724e-01
3.526074151216390646e+02 9.432502620675541039e+01 1.652984993693025331e+02 -3.310883782492035152e+02 8.908150019072652981e+01 -1.219548943992005974e+02 3.760331073891281903e+02 8.491701004839956113e+01 2.239561257263329352e+01 6.846575357110381788e+00 6.384111886750610587e+00 6.569273853425710463e+00 -6.054357456293685047e+00 2.435863784215032357e+00 3.553545869731753903e+00 -3.963572396808167753e+00 -1.294396521772116282e+00 -2.546777141546542111e+00 6.527102911647725270e-01 -1.274263371139162937e-01 -4.068536005012474144e-01 -1.248598210553068383e-01 -1.781875873461012116e-01 -3.305888214037994710e-01
-1.294152481499223768e+02 8.159665177690085613e+01 2.698808264819238190e+01 -5.154893012937651520e+01 4.426516288678670463e+01 -8.785461265541124476e+01 8.491701004839956113e+01 1.996726784047635022e+02 2.409816543099157471e+01 1.570169020981787433e+01 3.089066117773679121e+00 6.259505244276088121e+00 -5.552268805108362848e+00 -3.900848208853051613e+00 -4.744242097892661381e-01 -1.924560558597901094e+00 2.958554996566384668e-02 3.997224293084755131e-01 -4.001319354150725816e-01 1.448213185489241328e-01 -7.049296747094111470e-01 7.509500336738081372e-02 -2.333995981119069418e-01 -1.758779693199529204e-01
-2.234788420901863049e+02 1.566833925211087148e+02 1.390148756758115383e+02 -8.217417118422994804e+01 1.867215943125690103e+01 -7.239400028267143128e+00 2.239561257263329352e+01 2.409816543099157471e+01 9.208900079601100686e+01 1.223927652106351083e+01 -3.450654786345911162e+00 2.723091039336658081e-01 -2.743505168526184423e+00 -1.851590258929799671e+00 3.283650986001690475e-01 3.731823078519110326e-01 4.223640214976459029e-01 6.062371746456791666e-01 4.876069995977256322e-01 2.677428659437670611e-01 -1.425998634310271795e-01 3.319210342567160965e-02 -1.460976532207277842e-02 1.382985837418729269e-01
-5.207777539876097705e+01 -1.787158953165495001e+00 3.236878814272520088e+01 -5.273647501638698287e+01 2.354463769655718508e+01 -1.722270746118310925e+01 6.846575357110381788e+00 1.570169020981787433e+01 1.223927652106351083e+01 4.151657850172039588e+01 -1.359956089111691746e+00 9.231658762398236018e-01 -7.902908226707404671e-01 9.381881227708550597e-01 1.898844051807685451e+00 7.960080499095559259e-02 8.716257237667318636e-01 -4.314980321814476105e-01 1.235060265506043725e-01 1.815201787772953157e-01 1.662105938870430399e-01 3.803367488857373885e-02 2.146666599109573748e-01 9.032216033163131819e-02
1.118280045041089643e+01 2.360033232629850630e+01 -1.330580257454484894e+01 6.407096050108862961e+00 1.130751600763721110e-01 -3.243230786611191796e+00 6.384111886750610587e+00 3.089066117773679121e+00 -3.450654786345911162e+00 -1.359956089111691746e+00 2.482763608830524404e+01 4.204122414502457161e+00 9.628369116140621520e-01 -3.867921876477517507e-01 -5.681018685535863533e-01 -1.022748981435080973e-01 5.027343877337374645e-01 2.153399935101357743e-01 -3.731379219516918477e-02 -7.828634618477424423e-02 -8.490430067096435551e-02 -1.312263871168200535e-01 3.281332126231940351e-03 1.184463356016205032e-01
3.526361436460067722e+01 -2.898909031298085281e+01 2.774021089254820271e+00 2.274972809430971665e+01 1.400902991241407669e+01 -1.534818331550375392e+00 6.569273853425710463e+00 6.259505244276088121e+00 2.723091039336658081e-01 9.231658762398236018e-01 4.204122414502457161e+00 8.094672922625806066e+00 1.394188389209076284e+00 -6.941570709027795605e-01 -5.890931405780557295e-01 -4.474166285629796458e-01 2.666560994546068875e-01 -2.596607904241579057e-01 1.343818512148103883e-01 1.344424547650630575e-01 -2.718408428564208015e-02 -5.797335803587353592e-02 -8.167217927893832830e-02 -4.529798059907898244e-02
4.125006294498022896e+01 -3.157464901307429983e+01 2.389458276635913236e+01 -1.609303527987993832e+01 6.034289527089289784e+00 1.139990071504548652e+01 -6.054357456293685047e+00 -5.552268805108362848e+00 -2.743505168526184423e+00 -7.902908226707404671e-01 9.628369116140621520e-01 1.394188389209076284e+00 6.303201710376263200e+00 -1.298616017743264850e+00 6.085189302959443935e-01 1.788639421456048317e-01 -2.005479223677253398e-01 -1.115842591446892379e-01 4.065777788999895559e-02 8.808573310025981373e-02 3.149946745974179386e-03 -4.342251044538300575e-02 -3.183859866355316648e-02 7.214530480961895125e-04
-1.038673513643813173e+01 2.248400058433814852e+00 -6.644725303919897463e+00 -1.738224637504124459e+01 -2.020414081457708289e+00 -8.119844880998416947e-01 2.435863784215032357e+00 -3.900848208853051613e+00 -1.851590258929799671e+00 9.381881227708550597e-01 -3.867921876477517507e-01 -6.941570709027795605e-01 -1.298616017743264850e+00 3.153659063391904382e+00 -9.609824629082458491e-02 1.227481195256956287e-01 2.461174025168259491e-02 -9.741507438517728323e-02 9.684906587320703253e-02 5.450862911884670620e-02 2.897421040602697270e-02 -4.175223821728592244e-02 1.302013192045771428e-02 -1.059073394451758715e-02
1.684367650927584847e+01 5.523748827601253630e+00 -7.114687616161532446e+00 -2.774765736756765477e+01 -7.207665416609607689e-01 -1.009656310322307959e+00 3.553545869731753903e+00 -4.744242097892661381e-01 3.283650986001690475e-01 1.898844051807685451e+00 -5.681018685535863533e-01 -5.890931405780557295e-01 6.085189302959443935e-01 -9.609824629082458491e-02 2.500202225150010005e+00 5.207518536801430953e-02 -8.129634886242537162e-02 -3.055933769256911209e-02 5.032153256747057962e-02 6.162897431432680373e-02 -4.276507034257290285e-02 -1.203604573246466573e-02 1.530572366048412597e-02 9.143327808147619709e-03
-1.254850394581985995e+01 3.782376407511123695e+00 8.808514462173063109e+00 -1.724030566259918407e-01 -2.883003157464544053e+00 1.623362323238795868e-01 -3.963572396808167753e+00 -1.924560558597901094e+00 3.731823078519110326e-01 7.960080499095559259e-02 -1.022748981435080973e-01 -4.474166285629796458e-01 1.788639421456048317e-01 1.227481195256956287e-01 5.207518536801430953e-02 7.626351209158565014e-01 4.747111897504863870e-02 -3.807167762742866453e-03 -1.703116137400220373e-02 2.408054562639696389e-02 2.623222194291234891e-02 2.556140299953487197e-02 4.342343740056519782e-03 1.246047550510884921e-02
1.113068646682775054e+00 -6.418462950935380995e+00 2.630263894987390660e+00 5.435406740621171018e+00 1.896453832090619906e+00 -2.169493167631896258e-01 -1.294396521772116282e+00 2.958554996566384668e-02 4.223640214976459029e-01 8.716257237667318636e-01 5.027343877337374645e-01 2.666560994546068875e-01 -2.005479223677253398e-01 2.461174025168259491e-02 -8.129634886242537162e-02 4.747111897504863870e-02 3.832921691792067209e-01 8.545674665828843081e-03 9.710641586454233157e-03 9.104128158621532102e-03 -1.576826591018893470e-02 1.165782626803413442e-02 9.978573695540463029e-03 1.530969501287211994e-02
-4.352526933760655581e+00 2.472671934381966086e+00 -4.527456414283050457e+00 -2.188801209208119047e+00 -3.095173503236012813e-01 -1.315736221951698370e+00 -2.546777141546542111e+00 3.997224293084755131e-01 6.062371746456791666e-01 -4.314980321814476105e-01 2.153399935101357743e-01 -2.596607904241579057e-01 -1.115842591446892379e-01 -9.741507438517728323e-02 -3.055933769256911209e-02 -3.807167762742866453e-03 8.545674665828843081e-03 2.845939961936273521e-01 -4.879364443644688271e-02 8.657832965729082494e-03 -1.921454160193513880e-02 -1.132017402651131974e-02 -1.350073501483485365e-02 1.074141420782886124e-02
3.684455085022637189e+00 4.391816686008453985e+00 -5.801067166566528321e+00 -2.175424971686676923e+00 2.528462515011800527e+00 3.130148454847776485e+00 6.527102911647725270e-01 -4.001319354150725816e-01 4.876069995977256322e-01 1.235060265506043725e-01 -3.731379219516918477e-02 1.343818512148103883e-01 4.065777788999895559e-02 9.684906587320703253e-02 5.032153256747057962e-02 -1.703116137400220373e-02 9.710641586454233157e-03 -4.879364443644688271e-02 2.052523537080305216e-01 2.082180326824604674e-02 -1.335072891378192910e-03 7.470833402130086683e-03 6.541706635635360749e-03 2.083200712055966169e-03
3.550923149990562688e+00 1.103548536968268712e+00 2.089295538378306283e+00 -1.831310272458080313e+00 8.219165456482425691e-01 -1.147396338781358077e-01 -1.274263371139162937e-01 1.448213185489241328e-01 2.677428659437670611e-01 1.815201787772953157e-01 -7.828634618477424423e-02 1.344424547650630575e-01 8.808573310025981373e-02 5.450862911884670620e-02 6.162897431432680373e-02 2.408054562639696389e-02 9.104128158621532102e-03 8.657832965729082494e-03 2.082180326824604674e-02 6.024206420169189030e-02 -4.687979554066481168e-03 -2.696299552166180492e-03 1.926773653725322253e-03 3.333078765138520420e-03
1.706102058278696543e+00 -1.191643126259093632e+00 8.176580693562168767e-01 1.013017140429616880e+00 -4.994660928396281729e-01 -1.897065855667819101e-01 -4.068536005012474144e-01 -7.049296747094111470e-01 -1.425998634310271795e-01 1.662105938870430399e-01 -8.490430067096435551e-02 -2.718408428564208015e-02 3.149946745974179386e-03 2.897421040602697270e-02 -4.276507034257290285e-02 2.623222194291234891e-02 -1.576826591018893470e-02 -1.921454160193513880e-02 -1.335072891378192910e-03 -4.687979554066481168e-03 4.023908107679788348e-02 7.079937382607814694e-04 4.536492054814197060e-03 -3.096884397020181322e-03
-2.395347617469917534e+00 3.783037735533897550e+00 1.561722526325696192e+00 2.422828592847332096e+00 -3.837804851094496761e-01 -5.851006397977306928e-02 -1.248598210553068383e-01 7.509500336738081372e-02 3.319210342567160965e-02 3.803367488857373885e-02 -1.312263871168200535e-01 -5.797335803587353592e-02 -4.342251044538300575e-02 -4.175223821728592244e-02 -1.203604573246466573e-02 2.556140299953487197e-02 1.165782626803413442e-02 -1.132017402651131974e-02 7.470833402130086683e-03 -2.696299552166180492e-03 7.079937382607814694e-04 3.229213885469971179e-02 1.076003577425015817e-02 5.496104257131469682e-03
-3.016736712900841777e+00 1.930044742995198570e+00 7.056634271184857032e-02 1.149130484958293064e+00 -8.997590384315706791e-01 4.535728623389139735e-01 -1.781875873461012116e-01 -2.333995981119069418e-01 -1.460976532207277842e-02 2.146666599109573748e-01 3.281332126231940351e-03 -8.167217927893832830e-02 -3.183859866355316648e-02 1.302013192045771428e-02 1.530572366048412597e-02 4.342343740056519782e-03 9.978573695540463029e-03 -1.350073501483485365e-02 6.541706635635360749e-03 1.926773653725322253e-03 4.536492054814197060e-03 1.076003577425015817e-02 2.194810163049936563e-02 1.124922203812558398e-02
-5.149746787345987897e+00 3.545492185537768570e+00 3.896763937890545537e-01 -2.254443534846664043e-01 -9.670054135337682322e-01 3.246306758418878724e-01 -3.305888214037994710e-01 -1.758779693199529204e-01 1.382985837418729269e-01 9.032216033163131819e-02 1.184463356016205032e-01 -4.529798059907898244e-02 7.214530480961895125e-04 -1.059073394451758715e-02 9.143327808147619709e-03 1.246047550510884921e-02 1.530969501287211994e-02 1.074141420782886124e-02 2.083200712055966169e-03 3.333078765138520420e-03 -3.096884397020181322e-03 5.496104257131469682e-03 1.124922203812558398e-02 1.905568684199314064e-02
