6.181514514734437398e+03 -6.993225303923575211e+02 7.628669531875779342e+01 -1.684344417743668032e+02 3.004150396052663154e+02 -6.955293902219911395e+00 -4.424456709450720382e+01 -2.897328005443510079e+01 -8.709086416161825994e+00 5.024050520790373042e+01 5.532099341065769060e+00 6.890746341518505069e+00 -3.470700435747698709e+00 -4.146099985192374104e-01 -8.387785135513755819e+00 1.738351164677502325e+01 -6.959809048377281204e-01 -2.510250835302900274e+00 2.740333240364533629e-01 5.697540335826734026e-01 -4.060400419641486680e-01 -2.994346260983452579e-01 -6.400587866172702256e-01 -3.254325937423149240e-01
-6.993225303923575211e+02 2.931135366115067427e+03 2.272849850385414072e+02 -1.927723387297224633e+02 -2.208647170703219444e+02 2.206618366728406855e+01 -3.503971146279835125e+01 -4.415838798349388128e+01 -8.552089008748692933e+00 2.725817268510295044e+00 -7.325033356936984319e+00 -6.877263230537726812e-01 1.724135301384387420e+00 4.259950064084521149e-01 1.500748898904366335e+01 6.143270440761576801e+00 3.497042183085552480e+00 4.346547194637679468e+00 2.104940236474306392e+00 4.880177406309142984e-01 -1.356613454286095699e+00 1.434038361527787631e+00 1.441669975346216326e+00 -5.014816662317640450e-01
7.628669531875779342e+01 2.272849850385414072e+02 1.164610970800305267e+03 5.890308442497437369e+01 1.004170035702859565e+02 -8.829674657310214059e+01 -3.760328092913750453e+01 3.461092802068957042e+01 -2.382532056087281447e+01 -2.031221935265721612e+01 -6.059587655025922004e+00 -5.480067170624276507e+00 1.446658541752038474e+01 2.303319383715715318e+00 3.165296378186650994e+00 -2.001734932192371641e+00 -2.437901334498939476e-01 2.203715213814249729e+00 1.117790154349788567e+00 2.460098271320986019e+00 1.736069839565933526e-01 5.106490469404533217e-01 5.857867619107602897e-01 -1.507156735342020659e-01
-1.684344417743668032e+02 -1.927723387297224633e+02 5.890308442497437369e+01 6.796016666525479195e+02 6.503763393069716869e+01 -2.365304143252895130e+01 2.370997019195069200e+01 -3.221949623123019801e+00 -6.449435558538680446e+00 -1.900660686712789982e+01 -3.834221589322018620e+00 5.272522166301762070e+00 7.916788740829674431e+00 8.298608525790553969e-01 1.500020835890186477e-01 7.734371501543743088e-01 -3.145451134172760010e+00 -4.039699602693019309e-01 -4.527175542816777032e-01 -1.254516913161267011e+00 -4.553401584263068735e-01 5.892494289563000587e-01 2.559819869947382309e-01 4.466499955259654042e-01
3.004150396052663154e+02 -2.208647170703219444e+02 1.004170035702859565e+02 6.503763393069716869e+01 3.478333894067381493e+02 3.529253146607330649e+01 9.891910344537844679e+00 1.911389429303431697e+01 2.123222334924163945e+01 9.471193511651682106e-01 -6.013801802290008602e+00 5.757298614172698059e+00 4.122707269523272267e+00 -6.937612057943508548e-01 -2.441229894042635518e-01 -1.696394376616172206e+00 -1.959006280519861587e+00 6.986654947464698839e-01 -4.038353224511243567e-01 1.344846557104110829e+00 2.993461814230803375e-01 -5.489568578357418432e-02 -7.335423331466768559e-02 -2.089875541547619731e-01
-6.955293902219911395e+00 2.206618366728406855e+01 -8.829674657310214059e+01 -2.365304143252895130e+01 3.529253146607330649e+01 2.355926343882194942e+02 -2.505146420454291345e+01 4.867008447004560701e+00 -2.982173066594560495e+00 1.213549955166196703e+01 1.919232794915533447e+00 2.962423231256377409e+00 -3.140967504770845409e+00 -1.471520457878384036e+00 -4.309077120630874780e-01 2.180724814033727921e-01 2.556567641091447851e-01 6.072526236359129803e-02 3.737956406350546046e-01 -7.082852877900396305e-01 -5.452008742653832729e-02 -3.908417987775341107e-01 1.169888113157373372e-01 -9.194619172150768349e-02
-4.424456709450720382e+01 -3.503971146279835125e+01 -3.760328092913750453e+01 2.370997019195069200e+01 9.891910344537844679e+00 -2.505146420454291345e+01 1.477912030130180199e+02 1.735639181463668734e+01 4.047956174325680223e+00 -1.445547869449675282e+00 -4.947282172956954938e+00 -3.719221413663210463e+00 -3.291430240225047044e+00 5.520386209910225439e+00 -6.553390932118972056e-01 1.729469957151592352e+00 -9.805335728114585037e-02 -3.815697850773318387e-03 4.033010982316551640e-01 -3.785837965732792298e-01 -3.001683665905658174e-02 -9.134721955380982472e-02 1.600009328748551174e-01 2.021596962032893297e-01
-2.897328005443510079e+01 -4.415838798349388128e+01 3.461092802068957042e+01 -3.221949623123019801e+00 1.911389429303431697e+01 4.867008447004560701e+00 1.735639181463668734e+01 7.833500263139167430e+01 -1.876743986697398947e+00 -1.380031909707844484e+01 -7.645461145076979825e+00 -7.041571369756275400e-01 -7.425699496720921111e-01 1.438800107578643628e+00 -4.244107166750557547e-01 -2.897066555247545527e-01 -3.981861618002996983e-01 7.570619786086556502e-01 3.719801793163721726e-01 4.600696807662688070e-01 -1.101352761762866839e-01 4.715611553220545177e-02 3.082143325369408049e-01 7.769173867497895791e-02
-8.709086416161825994e+00 -8.552089008748692933e+00 -2.382532056087281447e+01 -6.449435558538680446e+00 2.123222334924163945e+01 -2.982173066594560495e+00 4.047956174325680223e+00 -1.876743986697398947e+00 4.655884984716266928e+01 1.077657623427041633e+00 -2.972274981222740919e+00 1.413773232807271185e+00 -3.649189176478806917e+00 -1.526312248590477205e+00 -1.029917198606698170e+00 -1.150564038426715036e-01 2.234442134769767663e-01 -3.767968341402954113e-01 6.319442803746691539e-02 2.823314825618375989e-01 -1.686382130252081198e-03 -2.414739302293339440e-02 7.026734414618246438e-02 1.121642584478502042e-01
5.024050520790373042e+01 2.725817268510295044e+00 -2.031221935265721612e+01 -1.900660686712789982e+01 9.471193511651682106e-01 1.213549955166196703e+01 -1.445547869449675282e+00 -1.380031909707844484e+01 1.077657623427041633e+00 2.352314077948890514e+01 3.383926549167973530e+00 -1.594649211594011629e+00 -7.986026353691243196e-03 2.177528754947132272e-01 9.506353008282799610e-01 6.586926267545857305e-01 7.776536345988350751e-01 -4.200836589038800528e-01 2.139736026056571205e-01 -4.107906391352858511e-02 6.186475226024502894e-02 -1.114174020597059056e-01 1.096519587977165359e-02 2.047616941921015857e-02
5.532099341065769060e+00 -7.325033356936984319e+00 -6.059587655025922004e+00 -3.834221589322018620e+00 -6.013801802290008602e+00 1.919232794915533447e+00 -4.947282172956954938e+00 -7.645461145076979825e+00 -2.972274981222740919e+00 3.383926549167973530e+00 1.448045603891836564e+01 6.274293462369019414e-01 -1.765995296909368129e-01 6.469402235069118268e-01 2.157608517975411755e-01 5.312448251008274752e-02 1.806083824149966877e-01 2.500632469113316381e-01 -4.845114082592209825e-02 -1.104346029448866756e-01 1.295697290047995442e-01 -1.140916561238898841e-01 -8.392737061643495977e-02 -2.895476557007497717e-02
6.890746341518505069e+00 -6.877263230537726812e-01 -5.480067170624276507e+00 5.272522166301762070e+00 5.757298614172698059e+00 2.962423231256377409e+00 -3.719221413663210463e+00 -7.041571369756275400e-01 1.413773232807271185e+00 -1.594649211594011629e+00 6.274293462369019414e-01 7.103329579064669552e+00 4.140621956434163975e-01 -8.048054883640358426e-02 -7.084950723103305981e-01 -3.848798762869929946e-01 -1.496918908928524805e-01 -9.432582711679575460e-02 -1.666565175073032867e-01 -1.037683784370683621e-01 -3.276032439230146254e-02 1.184433738652516527e-01 2.399227560515503760e-02 2.824643997899551826e-02
-3.470700435747698709e+00 1.724135301384387420e+00 1.446658541752038474e+01 7.916788740829674431e+00 4.122707269523272267e+00 -3.140967504770845409e+00 -3.291430240225047044e+00 -7.425699496720921111e-01 -3.649189176478806917e+00 -7.986026353691243196e-03 -1.765995296909368129e-01 4.140621956434163975e-01 5.554908036341999811e+00 1.537274712413573552e-01 3.139653490190142532e-02 -4.218453835349766923e-01 9.704916578417854822e-02 2.255891975959172235e-01 -2.185392758192751250e-01 6.172061546698984907e-02 -2.232355942078037211e-02 -1.657042905943753239e-02 -1.455428530262342646e-02 3.793193629920801890e-02
-4.146099985192374104e-01 4.259950064084521149e-01 2.303319383715715318e+00 8.298608525790553969e-01 -6.937612057943508548e-01 -1.471520457878384036e+00 5.520386209910225439e+00 1.438800107578643628e+00 -1.526312248590477205e+00 2.177528754947132272e-01 6.469402235069118268e-01 -8.048054883640358426e-02 1.537274712413573552e-01 1.994259399573638181e+00 6.481206887480547851e-02 1.949979448703593743e-01 1.365421507192117745e-01 1.953657686082652944e-01 3.261038235145058417e-02 -2.382170842196837390e-02 4.106618355415575516e-02 -1.775649333029296825e-02 1.250589116245576227e-02 1.558579636652797883e-02
-8.387785135513755819e+00 1.500748898904366335e+01 3.165296378186650994e+00 1.500020835890186477e-01 -2.441229894042635518e-01 -4.309077120630874780e-01 -6.553390932118972056e-01 -4.244107166750557547e-01 -1.029917198606698170e+00 9.506353008282799610e-01 2.157608517975411755e-01 -7.084950723103305981e-01 3.139653490190142532e-02 6.481206887480547851e-02 1.438148692809741336e+00 1.402163202165907820e-02 -1.070197777699265218e-01 6.736387047076558554e-02 4.625270237262201628e-02 4.075562302967231793e-02 1.869011308530655127e-02 -7.128920027207752072e-03 -2.363521465776119782e-02 -2.555273174018703186e-02
1.738351164677502325e+01 6.143270440761576801e+00 -2.001734932192371641e+00 7.734371501543743088e-01 -1.696394376616172206e+00 2.180724814033727921e-01 1.729469957151592352e+00 -2.897066555247545527e-01 -1.150564038426715036e-01 6.586926267545857305e-01 5.312448251008274752e-02 -3.848798762869929946e-01 -4.218453835349766923e-01 1.949979448703593743e-01 1.402163202165907820e-02 7.324513951691327129e-01 -1.924061221866074992e-02 1.387518919476968607e-02 4.940491895470995598e-02 -9.305067411575582842e-03 -1.805969185761761506e-02 -2.512227112121812045e-02 6.235276068384103601e-03 7.105933352135981873e-03
-6.959809048377281204e-01 3.497042183085552480e+00 -2.437901334498939476e-01 -3.145451134172760010e+00 -1.959006280519861587e+00 2.556567641091447851e-01 -9.805335728114585037e-02 -3.981861618002996983e-01 2.234442134769767663e-01 7.776536345988350751e-01 1.806083824149966877e-01 -1.496918908928524805e-01 9.704916578417854822e-02 1.365421507192117745e-01 -1.070197777699265218e-01 -1.924061221866074992e-02 3.414797566316349897e-01 8.558762866151406815e-04 4.175658759418906379e-02 -1.129099772872013512e-03 -3.414684593346878003e-03 -8.188656006077155158e-03 6.916823205200189418e-05 9.272505654047826645e-03
-2.510250835302900274e+00 4.346547194637679468e+00 2.203715213814249729e+00 -4.039699602693019309e-01 6.986654947464698839e-01 6.072526236359129803e-02 -3.815697850773318387e-03 7.570619786086556502e-01 -3.767968341402954113e-01 -4.200836589038800528e-01 2.500632469113316381e-01 -9.432582711679575460e-02 2.255891975959172235e-01 1.953657686082652944e-01 6.736387047076558554e-02 1.387518919476968607e-02 8.558762866151406815e-04 2.150573365400930137e-01 -2.036721312578049399e-03 1.145754220197942909e-02 -1.728275048234690150e-02 7.089175540958388838e-03 3.885777416399039362e-03 -2.529184433800162751e-03
2.740333240364533629e-01 2.104940236474306392e+00 1.117790154349788567e+00 -4.527175542816777032e-01 -4.038353224511243567e-01 3.737956406350546046e-01 4.033010982316551640e-01 3.719801793163721726e-01 6.319442803746691539e-02 2.139736026056571205e-01 -4.845114082592209825e-02 -1.666565175073032867e-01 -2.185392758192751250e-01 3.261038235145058417e-02 4.625270237262201628e-02 4.940491895470995598e-02 4.175658759418906379e-02 -2.036721312578049399e-03 9.071641673894927094e-02 1.047616190897336305e-02 1.668603911194304528e-03 -4.939004341730734299e-03 7.732181292926011869e-03 -2.959513427810473666e-03
5.697540335826734026e-01 4.880177406309142984e-01 2.460098271320986019e+00 -1.254516913161267011e+00 1.344846557104110829e+00 -7.082852877900396305e-01 -3.785837965732792298e-01 4.600696807662688070e-01 2.823314825618375989e-01 -4.107906391352858511e-02 -1.104346029448866756e-01 -1.037683784370683621e-01 6.172061546698984907e-02 -2.382170842196837390e-02 4.075562302967231793e-02 -9.305067411575582842e-03 -1.129099772872013512e-03 1.145754220197942909e-02 1.047616190897336305e-02 7.153337330866323118e-02 1.087180142657784461e-02 -6.046336874033069256e-03 5.307072799280209210e-04 -2.101036647290697307e-03
-4.060400419641486680e-01 -1.356613454286095699e+00 1.736069839565933526e-01 -4.553401584263068735e-01 2.993461814230803375e-01 -5.452008742653832729e-02 -3.001683665905658174e-02 -1.101352761762866839e-01 -1.686382130252081198e-03 6.186475226024502894e-02 1.295697290047995442e-01 -3.276032439230146254e-02 -2.232355942078037211e-02 4.106618355415575516e-02 1.869011308530655127e-02 -1.805969185761761506e-02 -3.414684593346878003e-03 -1.728275048234690150e-02 1.668603911194304528e-03 1.087180142657784461e-02 2.664136123097868986e-02 -4.442700918113353520e-03 -3.271536635477152039e-03 -2.403400312458015605e-03
-2.994346260983452579e-01 1.434038361527787631e+00 5.106490469404533217e-01 5.892494289563000587e-01 -5.489568578357418432e-02 -3.908417987775341107e-01 -9.134721955380982472e-02 4.715611553220545177e-02 -2.414739302293339440e-02 -1.114174020597059056e-01 -1.140916561238898841e-01 1.184433738652516527e-01 -1.657042905943753239e-02 -1.775649333029296825e-02 -7.128920027207752072e-03 -2.512227112121812045e-02 -8.188656006077155158e-03 7.089175540958388838e-03 -4.939004341730734299e-03 -6.046336874033069256e-03 -4.442700918113353520e-03 2.098855193742496864e-02 4.247972764883783947e-03 2.527510097822755711e-03
-6.400587866172702256e-01 1.441669975346216326e+00 5.857867619107602897e-01 2.559819869947382309e-01 -7.335423331466768559e-02 1.169888113157373372e-01 1.600009328748551174e-01 3.082143325369408049e-01 7.026734414618246438e-02 1.096519587977165359e-02 -8.392737061643495977e-02 2.399227560515503760e-02 -1.455428530262342646e-02 1.250589116245576227e-02 -2.363521465776119782e-02 6.235276068384103601e-03 6.916823205200189418e-05 3.885777416399039362e-03 7.732181292926011869e-03 5.307072799280209210e-04 -3.271536635477152039e-03 4.247972764883783947e-03 1.459899842489604908e-02 4.194781210338571070e-03
-3.254325937423149240e-01 -5.014816662317640450e-01 -1.507156735342020659e-01 4.466499955259654042e-01 -2.089875541547619731e-01 -9.194619172150768349e-02 2.021596962032893297e-01 7.769173867497895791e-02 1.121642584478502042e-01 2.047616941921015857e-02 -2.895476557007497717e-02 2.824643997899551826e-02 3.793193629920801890e-02 1.558579636652797883e-02 -2.555273174018703186e-02 7.105933352135981873e-03 9.272505654047826645e-03 -2.529184433800162751e-03 -2.959513427810473666e-03 -2.101036647290697307e-03 -2.403400312458015605e-03 2.527510097822755711e-03 4.194781210338571070e-03 9.845234127731174179e-03
