7.377695503207820366e+03 1.515139981903012767e+03 7.780104762054696721e+02 2.345895238144433961e+02 7.073353352371846370e+01 3.630001005434475019e+02 -5.070963418794264754e+01 -8.124740422941098927e+01 1.029736879807855843e+01 1.079048524355169434e+02 -6.919624453513860374e+01 5.935198775702553320e+01 -2.605168880216579197e+01 -6.472041280140072850e+00 8.254067007768622233e+00 -7.669873214156939234e-01 8.055922980584908188e+00 -6.832595589081388532e+00 9.147468200340801436e-01 -2.980169044760158314e+00 1.125264028002462613e+00 -3.120905069702083479e-01 -6.487657640833472961e-01 -1.309326515339288566e+00
1.515139981903012767e+03 9.654453988143382958e+03 -1.897875097150657382e+02 -2.536325047236254306e+02 1.770327426260967059e+02 -2.408404334754224010e+02 3.223404572774018817e+01 -1.057868896067086411e+02 2.453065971149466122e+02 1.204469829019991067e+02 5.278803873456111262e+01 6.651752686968775663e+01 3.895431894588369204e+01 -1.082662942081153190e+01 1.338953258967027438e+01 7.413079642760046717e+00 3.974681090224279512e+00 -8.560270862836162564e+00 -6.467941156237836609e+00 9.875355353908514822e-01 -1.541328937102829588e+00 -4.677243208804256480e-01 5.883798177982232369e-01 5.090819180802680366e-01
7.780104762054696721e+02 -1.897875097150657382e+02 4.080165032416587110e+03 9.672208247210544130e+01 -1.017400105313536045e+02 -3.817940023667267724e+01 -1.037791389413778553e+01 3.837226635458847568e+01 1.504095001866733980e+02 5.654133088853094335e+01 -3.450524559591259788e+01 -7.026253080504925919e+00 -2.040928740540883979e+01 3.106376881498446263e+00 -1.151992992265869731e+01 3.421153416358926336e+00 1.110202758995447736e+00 -1.210673745203729279e+00 8.871029234774117089e-01 1.086246892749506587e+00 6.198208959948446894e-01 -1.257314448546486885e+00 -1.924383032325273524e+00 -4.575996209198952558e-01
2.345895238144433961e+02 -2.536325047236254306e+02 9.672208247210544130e+01 3.437962644947438093e+03 1.396883265201753375e+02 3.778558577592340271e+02 8.600008523856834586e+01 2.569628898673038364e+01 8.462970939186713792e+01 3.668928460458842267e+01 -4.802370940756623519e+00 2.351057792672564517e+01 2.145897132195494095e+01 1.731284690863150999e+01 4.180734858097470585e+00 2.708906705018752525e+00 -2.974725497476914116e-02 1.079115763210132251e+00 3.990303388932976869e+00 4.150392153686418339e+00 1.653879306821161022e+00 1.820193385971424105e+00 5.783837750220330864e-01 1.497196561123409264e+00
7.073353352371846370e+01 1.770327426260967059e+02 -1.017400105313536045e+02 1.396883265201753375e+02 1.182378851552316519e+03 -3.592722024684839255e+00 -1.715921369763193383e+01 1.012346837191438880e+02 -4.103929275175592295e+01 2.589916910276544826e+01 -1.354229319344378624e+01 6.397417157707526059e+00 1.854755770616323218e+01 1.004450979671080901e+01 1.069673243406693608e+01 4.206815093475352541e+00 -2.217874754192366016e+00 -2.455592574632245562e+00 -1.163092656130475966e+00 -7.087276678507951067e-01 6.811038024642001032e-01 -4.003758251156262493e-01 -2.511693162725409101e-01 -6.359130210396559679e-01
3.630001005434475019e+02 -2.408404334754224010e+02 -3.817940023667267724e+01 3.778558577592340271e+02 -3.592722024684839255e+00 8.059272952898620588e+02 1.622615544512531116e+01 6.193167840814692227e+01 7.339294753889124934e+01 1.681366500724711344e+01 1.019657077249133970e+01 2.898582893310603481e+00 2.979310068029154657e+00 3.508007659898985775e+00 3.421302709397135988e+00 5.479536639167254641e+00 -7.852366677878346024e-02 -2.026630190633666118e+00 4.418389380553063850e-01 1.004813230565047150e-01 8.205552272351592791e-01 4.539698052874302503e-01 6.985391406816904292e-01 8.931014103641662372e-01
-5.070963418794264754e+01 3.223404572774018817e+01 -1.037791389413778553e+01 8.600008523856834586e+01 -1.715921369763193383e+01 1.622615544512531116e+01 2.187356869427933361e+02 -7.977381072358303982e+01 1.125614216652687682e+00 9.550045250103428529e+00 -1.022180348637940028e+01 7.136038242087261452e+00 -5.375353353970091508e-01 7.638195267566887381e+00 8.721898641659339702e-02 2.614703805245497836e+00 -3.399862304085430886e-01 4.800868241986407936e-01 -2.331901177864675601e-01 -5.247930231540004486e-01 4.465164709671983201e-01 8.022505793786214312e-01 6.850624002657715872e-01 4.478760908827960074e-01
-8.124740422941098927e+01 -1.057868896067086411e+02 3.837226635458847568e+01 2.569628898673038364e+01 1.012346837191438880e+02 6.193167840814692227e+01 -7.977381072358303982e+01 2.286122241990701696e+02 1.107173831061918179e+01 -1.900826801288504697e+01 -5.685552049033852029e+00 -6.865588736947723092e+00 7.476692446989002150e+00 4.547651357107976189e+00 1.920059035174322082e+00 -1.527424688048644175e+00 4.553488084181643858e-01 8.352843785629654461e-01 -2.814557893990273230e-01 1.773548272894455088e-02 -8.362874971537298530e-01 -6.815308814602425436e-01 -2.018890194835831764e-01 -4.919994662396046103e-01
1.029736879807855843e+01 2.453065971149466122e+02 1.504095001866733980e+02 8.462970939186713792e+01 -4.103929275175592295e+01 7.339294753889124934e+01 1.125614216652687682e+00 1.107173831061918179e+01 1.020259650840409904e+02 1.148807079891177985e+01 8.548263830416628212e-03 -1.238502659220319213e+00 -1.667093277515900418e+00 3.920656584536265088e-01 4.329857612016604906e-01 1.220633064056886985e+00 7.171697098858939023e-01 -4.016345077058040003e-01 -2.100742933143468216e-01 -4.869139540494090562e-02 -1.390094405449681658e-01 -2.335558684224720016e-01 -2.320942362848685964e-02 8.158470846947987742e-02
1.079048524355169434e+02 1.204469829019991067e+02 5.654133088853094335e+01 3.668928460458842267e+01 2.589916910276544826e+01 1.681366500724711344e+01 9.550045250103428529e+00 -1.900826801288504697e+01 1.148807079891177985e+01 4.138202393877973861e+01 7.875650789112390804e+00 2.558565501654585628e+00 -3.323399826850296224e-01 -1.978976097615367635e+00 1.074913617331141324e+00 2.279484366528933048e+00 1.164852357645849823e+00 -6.985481392477309592e-01 2.131898670764867387e-01 2.511924250076690290e-01 1.809152535318167832e-01 -1.042317665420847139e-01 1.499534449552329396e-01 8.708968131219504971e-02
-6.919624453513860374e+01 5.278803873456111262e+01 -3.450524559591259788e+01 -4.802370940756623519e+00 -1.354229319344378624e+01 1.019657077249133970e+01 -1.022180348637940028e+01 -5.685552049033852029e+00 8.548263830416628212e-03 7.875650789112390804e+00 2.578170041839174331e+01 3.762878736280888425e+00 3.347658767385227385e+00 -3.059510040847170931e-01 1.477326518126608201e+00 1.659220404477706579e+00 4.356063519193854594e-01 2.195305494008108482e-01 3.011241260560683641e-01 2.122327493590510650e-01 6.222189591791753988e-02 5.052250926485726129e-02 -4.755721220162296460e-03 4.270048999895079134e-02
5.935198775702553320e+01 6.651752686968775663e+01 -7.026253080504925919e+00 2.351057792672564517e+01 6.397417157707526059e+00 2.898582893310603481e+00 7.136038242087261452e+00 -6.865588736947723092e+00 -1.238502659220319213e+00 2.558565501654585628e+00 3.762878736280888425e+00 1.497236093525395439e+01 1.529666493005905625e+00 1.522455576204649441e+00 8.305281225490047659e-01 4.401002181020241544e-01 4.885097055323265325e-01 2.228941210418788621e-01 1.126217646236545439e-01 1.781735693596452619e-01 1.034265062645920857e-01 9.182060234818306688e-02 1.645148317432182372e-02 8.632049432621163865e-02
-2.605168880216579197e+01 3.895431894588369204e+01 -2.040928740540883979e+01 2.145897132195494095e+01 1.854755770616323218e+01 2.979310068029154657e+00 -5.375353353970091508e-01 7.476692446989002150e+00 -1.667093277515900418e+00 -3.323399826850296224e-01 3.347658767385227385e+00 1.529666493005905625e+00 5.233154552463288312e+00 -4.614056616459952798e-01 9.151729465900838578e-01 1.670971498129787125e-01 3.801278278050212456e-01 1.740889879790675221e-01 -2.307711803782033777e-02 6.484472225352744257e-02 1.095185456391527118e-01 1.958718944108269605e-02 2.351710371236176433e-02 4.124896054128795314e-02
-6.472041280140072850e+00 -1.082662942081153190e+01 3.106376881498446263e+00 1.731284690863150999e+01 1.004450979671080901e+01 3.508007659898985775e+00 7.638195267566887381e+00 4.547651357107976189e+00 3.920656584536265088e-01 -1.978976097615367635e+00 -3.059510040847170931e-01 1.522455576204649441e+00 -4.614056616459952798e-01 3.729667580370967794e+00 2.449188948476795913e-01 7.093810123894360442e-02 -2.899751178595254553e-01 2.336435846979654802e-03 -1.781326852991373111e-02 -6.576437740537686982e-02 -1.707105026362165309e-02 -1.402496678217731059e-02 3.167627448288599240e-02 4.978572450847274129e-03
8.254067007768622233e+00 1.338953258967027438e+01 -1.151992992265869731e+01 4.180734858097470585e+00 1.069673243406693608e+01 3.421302709397135988e+00 8.721898641659339702e-02 1.920059035174322082e+00 4.329857612016604906e-01 1.074913617331141324e+00 1.477326518126608201e+00 8.305281225490047659e-01 9.151729465900838578e-01 2.449188948476795913e-01 1.413933568951587283e+00 1.546375264543289607e-01 1.251121350062897042e-01 1.504871724510202791e-01 3.299113675571414134e-02 3.135865435560677289e-02 4.064174605353924365e-03 -4.561222572922143080e-03 4.843723194635169566e-02 -8.506042959110169874e-03
-7.669873214156939234e-01 7.413079642760046717e+00 3.421153416358926336e+00 2.708906705018752525e+00 4.206815093475352541e+00 5.479536639167254641e+00 2.614703805245497836e+00 -1.527424688048644175e+00 1.220633064056886985e+00 2.279484366528933048e+00 1.659220404477706579e+00 4.401002181020241544e-01 1.670971498129787125e-01 7.093810123894360442e-02 1.546375264543289607e-01 9.557192656692895527e-01 1.076349066848528713e-01 -7.759251113107600017e-02 -2.819728743551526418e-03 7.637618517932011179e-03 4.196813295236360292e-03 6.725379495351219324e-03 5.300313255479723040e-02 3.215795054499492184e-02
8.055922980584908188e+00 3.974681090224279512e+00 1.110202758995447736e+00 -2.974725497476914116e-02 -2.217874754192366016e+00 -7.852366677878346024e-02 -3.399862304085430886e-01 4.553488084181643858e-01 7.171697098858939023e-01 1.164852357645849823e+00 4.356063519193854594e-01 4.885097055323265325e-01 3.801278278050212456e-01 -2.899751178595254553e-01 1.251121350062897042e-01 1.076349066848528713e-01 4.646473118592731044e-01 1.431602705122428376e-02 2.449716367836998407e-02 1.561295495347424581e-02 1.251957127627319026e-02 3.893829354922059751e-03 -9.494569931761212035e-04 5.153700189802115639e-03
-6.832595589081388532e+00 -8.560270862836162564e+00 -1.210673745203729279e+00 1.079115763210132251e+00 -2.455592574632245562e+00 -2.026630190633666118e+00 4.800868241986407936e-01 8.352843785629654461e-01 -4.016345077058040003e-01 -6.985481392477309592e-01 2.195305494008108482e-01 2.228941210418788621e-01 1.740889879790675221e-01 2.336435846979654802e-03 1.504871724510202791e-01 -7.759251113107600017e-02 1.431602705122428376e-02 3.315823881077980539e-01 4.436314355060202302e-02 2.021304011015569863e-02 1.608886514933938888e-02 1.332122951200558764e-02 -4.499301704479283107e-04 4.050489597129174231e-03
9.147468200340801436e-01 -6.467941156237836609e+00 8.871029234774117089e-01 3.990303388932976869e+00 -1.163092656130475966e+00 4.418389380553063850e-01 -2.331901177864675601e-01 -2.814557893990273230e-01 -2.100742933143468216e-01 2.131898670764867387e-01 3.011241260560683641e-01 1.126217646236545439e-01 -2.307711803782033777e-02 -1.781326852991373111e-02 3.299113675571414134e-02 -2.819728743551526418e-03 2.449716367836998407e-02 4.436314355060202302e-02 1.175848747355177498e-01 2.231821895671190492e-02 2.332053952587600371e-02 1.010424174422355596e-02 -9.200934449478110136e-03 7.249061842677563365e-03
-2.980169044760158314e+00 9.875355353908514822e-01 1.086246892749506587e+00 4.150392153686418339e+00 -7.087276678507951067e-01 1.004813230565047150e-01 -5.247930231540004486e-01 1.773548272894455088e-02 -4.869139540494090562e-02 2.511924250076690290e-01 2.122327493590510650e-01 1.781735693596452619e-01 6.484472225352744257e-02 -6.576437740537686982e-02 3.135865435560677289e-02 7.637618517932011179e-03 1.561295495347424581e-02 2.021304011015569863e-02 2.231821895671190492e-02 6.074812492503398054e-02 1.666531015102607274e-02 3.691015395150753879e-03 -1.779450616926657241e-04 6.717750737659706518e-03
1.125264028002462613e+00 -1.541328937102829588e+00 6.198208959948446894e-01 1.653879306821161022e+00 6.811038024642001032e-01 8.205552272351592791e-01 4.465164709671983201e-01 -8.362874971537298530e-01 -1.390094405449681658e-01 1.809152535318167832e-01 6.222189591791753988e-02 1.034265062645920857e-01 1.095185456391527118e-01 -1.707105026362165309e-02 4.064174605353924365e-03 4.196813295236360292e-03 1.251957127627319026e-02 1.608886514933938888e-02 2.332053952587600371e-02 1.666531015102607274e-02 5.173941924669723386e-02 1.003683062962792451e-02 -2.041291720398216974e-03 6.606320206457270278e-03
-3.120905069702083479e-01 -4.677243208804256480e-01 -1.257314448546486885e+00 1.820193385971424105e+00 -4.003758251156262493e-01 4.539698052874302503e-01 8.022505793786214312e-01 -6.815308814602425436e-01 -2.335558684224720016e-01 -1.042317665420847139e-01 5.052250926485726129e-02 9.182060234818306688e-02 1.958718944108269605e-02 -1.402496678217731059e-02 -4.561222572922143080e-03 6.725379495351219324e-03 3.893829354922059751e-03 1.332122951200558764e-02 1.010424174422355596e-02 3.691015395150753879e-03 1.003683062962792451e-02 2.868148440777328056e-02 1.073134828830993315e-02 7.854898133854402303e-03
-6.487657640833472961e-01 5.883798177982232369e-01 -1.924383032325273524e+00 5.783837750220330864e-01 -2.511693162725409101e-01 6.985391406816904292e-01 6.850624002657715872e-01 -2.018890194835831764e-01 -2.320942362848685964e-02 1.499534449552329396e-01 -4.755721220162296460e-03 1.645148317432182372e-02 2.351710371236176433e-02 3.167627448288599240e-02 4.843723194635169566e-02 5.300313255479723040e-02 -9.494569931761212035e-04 -4.499301704479283107e-04 -9.200934449478110136e-03 -1.779450616926657241e-04 -2.041291720398216974e-03 1.073134828830993315e-02 2.810452055636512500e-02 8.456655097148041769e-03
-1.309326515339288566e+00 5.090819180802680366e-01 -4.575996209198952558e-01 1.497196561123409264e+00 -6.359130210396559679e-01 8.931014103641662372e-01 4.478760908827960074e-01 -4.919994662396046103e-01 8.158470846947987742e-02 8.708968131219504971e-02 4.270048999895079134e-02 8.632049432621163865e-02 4.124896054128795314e-02 4.978572450847274129e-03 -8.506042959110169874e-03 3.215795054499492184e-02 5.153700189802115639e-03 4.050489597129174231e-03 7.249061842677563365e-03 6.717750737659706518e-03 6.606320206457270278e-03 7.854898133854402303e-03 8.456655097148041769e-03 1.557475259494162101e-02
