7.215217399093790846e+03 1.411240392015173029e+03 6.229273745472137307e+02 -1.316825434642292123e+02 4.445109114232190564e+02 4.224025061602368964e+02 2.052802232165904428e+01 -2.348494887872854804e+02 2.492757314820739367e+01 6.639982126147850749e+01 -2.180208968463783847e+01 7.088900901322320180e+01 -3.269482018003668600e+01 -1.503755178520731128e+01 1.106400909237188301e+01 -3.911506833137834427e+00 6.120858958070949818e+00 -4.995388175486995763e+00 1.883411626314487552e+00 -2.556856320384219394e+00 -1.217221810775409363e+00 -1.081981649924928179e+00 -4.568394835985585267e-01 -1.071242062141512630e+00
1.411240392015173029e+03 7.329730348708874772e+03 -6.136619024963453057e+02 -1.600675521089496556e+02 6.288346043985416145e+02 -2.407651112465122765e+02 1.458990544096753297e+02 -1.073363017226084679e+02 2.147388096345677013e+02 9.698219983664938582e+01 2.626761857486460627e+01 4.946421965685874511e+01 2.741531910051270771e+01 -1.152360369282687635e+01 1.226454865368028102e+01 1.446831739192202626e+01 5.487030412493433928e+00 -8.186660543310220195e-01 -5.976629743660769378e+00 9.586729801734072964e-01 -1.690341948768548930e+00 -7.321995516119297331e-01 2.151376079903839944e+00 1.105473335443327265e+00
6.229273745472137307e+02 -6.136619024963453057e+02 3.350625478843594010e+03 1.920234948697435939e+01 2.216989140590561291e+00 -1.108652505177477252e+02 -9.281916919079051809e+00 7.635436482900965416e+01 5.267529810524590772e+01 1.996169438138306163e+01 -2.433321665002394241e+01 -1.073816643866674081e+00 -2.602596947534804173e+01 7.393932637644071271e+00 -1.370036846580074963e+00 -2.878116694988689162e+00 2.276007653156324029e+00 1.866082596145516581e-01 1.036331460054898290e+00 -1.229004890770433039e-01 1.940140452079100464e-01 -5.577930440519700550e-01 -6.227967214752093694e-01 -5.044498490820444880e-01
-1.316825434642292123e+02 -1.600675521089496556e+02 1.920234948697435939e+01 3.372765937600832331e+03 2.389122488995903382e+02 2.685994978267501665e+02 4.980872320158636768e+01 -1.419730149059300572e+01 6.704888056458840140e+01 3.968513476797358663e+01 8.696502904314208138e+00 2.053627598395281240e+01 2.630988642613596440e+01 2.693545231626287162e+01 1.439762467436266569e+00 -2.162087066677461866e+00 -4.609602712808602121e+00 -2.769921172407531884e+00 3.597089814883172920e+00 4.151985921096720489e+00 1.302785728443035085e+00 -1.190692545054576751e-01 -6.887661632965351721e-01 7.979704615981852989e-01
4.445109114232190564e+02 6.288346043985416145e+02 2.216989140590561291e+00 2.389122488995903382e+02 1.150250174925454530e+03 -1.403277741938521785e+02 -3.941746661604319257e+01 8.584013202122501696e+01 -6.812205205851886269e+00 3.405120107038185751e+01 -1.130358843444557726e+00 1.993561237922193996e+01 1.303030235888654431e+01 4.456590644275638446e+00 1.055479600327708312e+01 5.213147080193436089e+00 2.740126356182505774e+00 -2.754110727515483248e+00 -9.068321016256094547e-01 6.257716768366750060e-01 -4.397912995408355119e-01 -2.730841894272772671e-02 -1.207425888169566808e-01 -7.384910407230128593e-01
4.224025061602368964e+02 -2.407651112465122765e+02 -1.108652505177477252e+02 2.685994978267501665e+02 -1.403277741938521785e+02 7.781014798770437437e+02 -7.565385641367033953e-01 1.192899779320984344e+01 5.786417539376184038e+01 1.617325259516922031e+01 1.077567024125744677e+00 5.098439280556742226e+00 1.125533261089257664e+00 8.749699300622131304e-01 6.886273216365543792e-01 4.409110034049384730e+00 9.678745180299868078e-01 -1.483709004523201092e+00 7.450935772017203140e-01 -2.677120329224319181e-02 4.716700930464385877e-01 4.841439684904281782e-01 6.629034323862413869e-01 8.750653689813097103e-01
2.052802232165904428e+01 1.458990544096753297e+02 -9.281916919079051809e+00 4.980872320158636768e+01 -3.941746661604319257e+01 -7.565385641367033953e-01 2.092319797989988217e+02 -3.555020241502159450e+01 -7.275182400049823528e+00 -3.729119531035564705e+00 1.115506863043951080e+00 1.445531320307921774e+01 2.648976154563560836e+00 1.019309065133521841e+01 1.380114776036360347e+00 3.951167268198561011e+00 2.369798808047690608e-01 1.180797890651544169e+00 5.283089973287676822e-01 -2.343832951353320426e-01 4.130897884124062336e-01 5.385582944264154515e-01 5.071254330780243791e-01 2.899552755371833657e-01
-2.348494887872854804e+02 -1.073363017226084679e+02 7.635436482900965416e+01 -1.419730149059300572e+01 8.584013202122501696e+01 1.192899779320984344e+01 -3.555020241502159450e+01 2.314553580844330440e+02 1.023275897447027916e+01 -1.354787443352750920e+01 7.257099732834206840e+00 -6.271666284430349236e+00 6.815838746599306219e+00 4.996144851196657299e+00 2.110185993572188057e+00 -5.875719491822927187e-01 6.727743470884058885e-01 1.673942429383027619e+00 -1.091001363594601009e-01 -3.814444246694784768e-01 -8.784502343805483671e-01 -4.328789348357941491e-01 1.140396107806753434e-01 -3.258595941890491954e-01
2.492757314820739367e+01 2.147388096345677013e+02 5.267529810524590772e+01 6.704888056458840140e+01 -6.812205205851886269e+00 5.786417539376184038e+01 -7.275182400049823528e+00 1.023275897447027916e+01 8.965856170829393079e+01 5.585964498500504583e+00 -5.002165529862703686e+00 1.732520873631530067e+00 -5.054743315051737351e-01 6.645010299732770909e-01 2.040032431777528132e-01 1.795938653616577341e+00 1.014447764796654605e-01 -5.114743812775914833e-01 -4.071320656743649957e-01 1.731107803155704783e-01 -2.539862756191841459e-02 -3.359662502805702000e-01 6.624626935651496684e-02 2.814478118342497170e-01
6.639982126147850749e+01 9.698219983664938582e+01 1.996169438138306163e+01 3.968513476797358663e+01 3.405120107038185751e+01 1.617325259516922031e+01 -3.729119531035564705e+00 -1.354787443352750920e+01 5.585964498500504583e+00 3.864185700430466142e+01 7.609773621265066623e+00 2.292993085042216883e+00 1.810484157447501963e-01 -1.400082976395868650e+00 1.116860165567194141e+00 1.413110023862746312e+00 1.042769910475084716e+00 -1.321534984221580111e-01 9.545944053681398866e-02 2.866823369417965672e-01 3.871127906983632544e-02 -1.411271738875105597e-01 1.071443109339736410e-01 7.456972172317957726e-02
-2.180208968463783847e+01 2.626761857486460627e+01 -2.433321665002394241e+01 8.696502904314208138e+00 -1.130358843444557726e+00 1.077567024125744677e+00 1.115506863043951080e+00 7.257099732834206840e+00 -5.002165529862703686e+00 7.609773621265066623e+00 2.502808776311000472e+01 2.820541299204067709e+00 2.882855844760473296e+00 4.403539157297821638e-01 9.244419938680572546e-01 1.452625868244596274e+00 4.233001572273741298e-01 6.142830325418052739e-01 2.418396040732368191e-01 2.466627641355935152e-01 9.136616623893255296e-02 2.503612879312913306e-02 -6.102001148865043856e-02 3.299457200460519102e-02
7.088900901322320180e+01 4.946421965685874511e+01 -1.073816643866674081e+00 2.053627598395281240e+01 1.993561237922193996e+01 5.098439280556742226e+00 1.445531320307921774e+01 -6.271666284430349236e+00 1.732520873631530067e+00 2.292993085042216883e+00 2.820541299204067709e+00 1.361508812019618198e+01 2.009641899702755641e+00 1.638014160026631583e+00 5.332970710548831095e-01 7.224172027170987498e-01 3.025116415296227879e-01 1.793165395310539756e-01 -3.211805070616540608e-02 9.361914839908828945e-02 1.022386930310117403e-01 5.056440824810742862e-02 5.387230535158094719e-02 8.590396056379664969e-02
-3.269482018003668600e+01 2.741531910051270771e+01 -2.602596947534804173e+01 2.630988642613596440e+01 1.303030235888654431e+01 1.125533261089257664e+00 2.648976154563560836e+00 6.815838746599306219e+00 -5.054743315051737351e-01 1.810484157447501963e-01 2.882855844760473296e+00 2.009641899702755641e+00 5.054374966614719078e+00 3.084029518726383867e-01 7.333332307056265043e-01 4.662697293454866609e-01 3.059832082151122123e-01 1.101437242614374118e-01 -1.970727886847840893e-02 6.015114378710570420e-02 8.464512802437500205e-02 -2.039648064302896149e-02 1.847966332587504257e-02 3.172233406454838534e-02
-1.503755178520731128e+01 -1.152360369282687635e+01 7.393932637644071271e+00 2.693545231626287162e+01 4.456590644275638446e+00 8.749699300622131304e-01 1.019309065133521841e+01 4.996144851196657299e+00 6.645010299732770909e-01 -1.400082976395868650e+00 4.403539157297821638e-01 1.638014160026631583e+00 3.084029518726383867e-01 3.368789170109958597e+00 2.434596463602543559e-01 6.647743348232161564e-02 -2.620446299556668524e-01 1.995668752100191248e-02 1.450179466550026788e-02 -4.645208813472315179e-02 -1.724120124085121858e-02 -2.068182842532985399e-02 1.691160230032196302e-02 1.434292535647735227e-02
1.106400909237188301e+01 1.226454865368028102e+01 -1.370036846580074963e+00 1.439762467436266569e+00 1.055479600327708312e+01 6.886273216365543792e-01 1.380114776036360347e+00 2.110185993572188057e+00 2.040032431777528132e-01 1.116860165567194141e+00 9.244419938680572546e-01 5.332970710548831095e-01 7.333332307056265043e-01 2.434596463602543559e-01 1.279831749438178790e+00 2.376244488641905128e-01 1.080305747164577168e-01 5.652350687044728483e-02 -7.076359960009409589e-02 2.392032394782553362e-02 1.034438174398293574e-02 -1.746724629763251810e-02 4.227020581473521499e-02 -1.120320524657944343e-02
-3.911506833137834427e+00 1.446831739192202626e+01 -2.878116694988689162e+00 -2.162087066677461866e+00 5.213147080193436089e+00 4.409110034049384730e+00 3.951167268198561011e+00 -5.875719491822927187e-01 1.795938653616577341e+00 1.413110023862746312e+00 1.452625868244596274e+00 7.224172027170987498e-01 4.662697293454866609e-01 6.647743348232161564e-02 2.376244488641905128e-01 1.020774619149861229e+00 1.212559387782825016e-01 3.004514412795373721e-02 1.501202245637284216e-02 4.682153479022951176e-02 -5.377575059960070653e-04 2.137539722944205994e-02 4.938139099711574831e-02 4.952831531513422758e-02
6.120858958070949818e+00 5.487030412493433928e+00 2.276007653156324029e+00 -4.609602712808602121e+00 2.740126356182505774e+00 9.678745180299868078e-01 2.369798808047690608e-01 6.727743470884058885e-01 1.014447764796654605e-01 1.042769910475084716e+00 4.233001572273741298e-01 3.025116415296227879e-01 3.059832082151122123e-01 -2.620446299556668524e-01 1.080305747164577168e-01 1.212559387782825016e-01 4.255667724452825151e-01 3.426437127079232613e-03 6.071032899276841005e-02 4.348443863017038141e-02 1.155537783181371549e-02 1.496743529134825224e-02 2.830619729603345552e-03 1.286705137365838809e-02
-4.995388175486995763e+00 -8.186660543310220195e-01 1.866082596145516581e-01 -2.769921172407531884e+00 -2.754110727515483248e+00 -1.483709004523201092e+00 1.180797890651544169e+00 1.673942429383027619e+00 -5.114743812775914833e-01 -1.321534984221580111e-01 6.142830325418052739e-01 1.793165395310539756e-01 1.101437242614374118e-01 1.995668752100191248e-02 5.652350687044728483e-02 3.004514412795373721e-02 3.426437127079232613e-03 2.641432908097759991e-01 3.086874020908479677e-02 2.776377423155560603e-02 2.686539766773047427e-02 1.123094767938506017e-02 1.776230207886167218e-03 2.806032385915175655e-03
1.883411626314487552e+00 -5.976629743660769378e+00 1.036331460054898290e+00 3.597089814883172920e+00 -9.068321016256094547e-01 7.450935772017203140e-01 5.283089973287676822e-01 -1.091001363594601009e-01 -4.071320656743649957e-01 9.545944053681398866e-02 2.418396040732368191e-01 -3.211805070616540608e-02 -1.970727886847840893e-02 1.450179466550026788e-02 -7.076359960009409589e-02 1.501202245637284216e-02 6.071032899276841005e-02 3.086874020908479677e-02 1.003613749342566752e-01 2.041809700399802030e-02 1.420339907131433661e-02 9.700483539317218684e-03 -9.011372205453654222e-03 3.223201841239324052e-03
-2.556856320384219394e+00 9.586729801734072964e-01 -1.229004890770433039e-01 4.151985921096720489e+00 6.257716768366750060e-01 -2.677120329224319181e-02 -2.343832951353320426e-01 -3.814444246694784768e-01 1.731107803155704783e-01 2.866823369417965672e-01 2.466627641355935152e-01 9.361914839908828945e-02 6.015114378710570420e-02 -4.645208813472315179e-02 2.392032394782553362e-02 4.682153479022951176e-02 4.348443863017038141e-02 2.776377423155560603e-02 2.041809700399802030e-02 7.031506229550686660e-02 2.153994254229328262e-02 2.677215522995123054e-03 3.684520079242699798e-04 6.744806108992133786e-03
-1.217221810775409363e+00 -1.690341948768548930e+00 1.940140452079100464e-01 1.302785728443035085e+00 -4.397912995408355119e-01 4.716700930464385877e-01 4.130897884124062336e-01 -8.784502343805483671e-01 -2.539862756191841459e-02 3.871127906983632544e-02 9.136616623893255296e-02 1.022386930310117403e-01 8.464512802437500205e-02 -1.724120124085121858e-02 1.034438174398293574e-02 -5.377575059960070653e-04 1.155537783181371549e-02 2.686539766773047427e-02 1.420339907131433661e-02 2.153994254229328262e-02 4.758853514284983044e-02 1.128901629938472082e-02 -2.183148690605598278e-05 7.561948701229516054e-03
-1.081981649924928179e+00 -7.321995516119297331e-01 -5.577930440519700550e-01 -1.190692545054576751e-01 -2.730841894272772671e-02 4.841439684904281782e-01 5.385582944264154515e-01 -4.328789348357941491e-01 -3.359662502805702000e-01 -1.411271738875105597e-01 2.503612879312913306e-02 5.056440824810742862e-02 -2.039648064302896149e-02 -2.068182842532985399e-02 -1.746724629763251810e-02 2.137539722944205994e-02 1.496743529134825224e-02 1.123094767938506017e-02 9.700483539317218684e-03 2.677215522995123054e-03 1.128901629938472082e-02 2.464431472310436161e-02 8.314340284500849887e-03 7.988153292714338452e-03
-4.568394835985585267e-01 2.151376079903839944e+00 -6.227967214752093694e-01 -6.887661632965351721e-01 -1.207425888169566808e-01 6.629034323862413869e-01 5.071254330780243791e-01 1.140396107806753434e-01 6.624626935651496684e-02 1.071443109339736410e-01 -6.102001148865043856e-02 5.387230535158094719e-02 1.847966332587504257e-02 1.691160230032196302e-02 4.227020581473521499e-02 4.938139099711574831e-02 2.830619729603345552e-03 1.776230207886167218e-03 -9.011372205453654222e-03 3.684520079242699798e-04 -2.183148690605598278e-05 8.314340284500849887e-03 2.006446923905282759e-02 7.608321510973772329e-03
-1.071242062141512630e+00 1.105473335443327265e+00 -5.044498490820444880e-01 7.979704615981852989e-01 -7.384910407230128593e-01 8.750653689813097103e-01 2.899552755371833657e-01 -3.258595941890491954e-01 2.814478118342497170e-01 7.456972172317957726e-02 3.299457200460519102e-02 8.590396056379664969e-02 3.172233406454838534e-02 1.434292535647735227e-02 -1.120320524657944343e-02 4.952831531513422758e-02 1.286705137365838809e-02 2.806032385915175655e-03 3.223201841239324052e-03 6.744806108992133786e-03 7.561948701229516054e-03 7.988153292714338452e-03 7.608321510973772329e-03 1.579166271555583131e-02
