1.000000000000000000e+00 -3.729836602983783306e-02 8.378782445320906436e-02 -6.690577332086669604e-02 -6.928164439254698437e-02 -1.285149687284426467e-01 1.025593160250140023e-01 -1.181921723507221855e-01 -1.648219671202373338e-01 1.976934262677537343e-02 2.957432703649542569e-02 8.953166863002691434e-02 -1.506266151710431399e-02 -6.106544067556801680e-02 9.508224106262845587e-02 -2.122896055313169550e-01 5.092400571557086086e-02 2.802866681115192410e-02 -7.540190926849899000e-02 1.185257931459052089e-01 1.004183995288209647e-01 -1.285356476784856317e-01 -6.618494267642359430e-02 -3.028133700935659589e-01
-3.729836602983783306e-02 1.000000000000000000e+00 1.071060405473159838e-01 -2.750581237833931575e-03 -1.859726549397086315e-01 6.518170221719003787e-02 4.543108055246397430e-03 -2.663449588458225575e-02 1.967839479624273746e-01 -1.101789852807933262e-01 -7.858226475525506571e-02 -2.139332055699263158e-01 -2.022126971308268739e-01 -3.640366715367859590e-04 3.481251701903876478e-02 6.421085694425356094e-02 -7.061894613511601748e-02 7.229165105314465378e-02 7.856336730507404442e-02 1.460333928729824239e-02 -4.741962078468235642e-02 1.588410710918590207e-01 -2.625971897053827261e-02 3.044465279156501336e-01
8.378782445320906436e-02 1.071060405473159838e-01 1.000000000000000000e+00 -1.266571539846694516e-01 6.071296878319427069e-03 5.484225851620126019e-02 2.094227073181928189e-01 1.289847985107749617e-01 1.990531409182940692e-01 1.494954363093736471e-01 4.253965430295027911e-02 1.317863608390318908e-01 -1.510408182719371467e-02 -5.447861562252409584e-03 -8.121702821381575343e-02 6.282100863003396707e-02 9.085668015397837388e-03 -1.481258101622981438e-01 -2.171235155765482705e-01 7.526457972677345898e-02 1.124117476732219290e-01 1.617198526473211939e-01 3.571110642712200384e-02 1.383401902104684222e-01
-6.690577332086669604e-02 -2.750581237833931575e-03 -1.266571539846694516e-01 1.000000000000000000e+00 1.643837819964540370e-01 -1.252308903250036985e-02 -1.730652208354305777e-01 -2.676381176091599881e-02 -9.440253311942346792e-02 -1.632046142281252943e-01 1.622521625506323506e-01 1.940737735172447243e-01 4.284724491091614074e-02 -2.436103700280958795e-01 -1.405273993269095523e-01 9.429241791679096943e-03 4.429939143906030247e-02 -3.420645186094452977e-02 -6.446775168617954743e-02 -1.318308603500025766e-01 8.412842244404364345e-02 2.870316993372258874e-01 5.441018349163925794e-02 -9.021729537901773677e-02
-6.928164439254698437e-02 -1.859726549397086315e-01 6.071296878319427069e-03 1.643837819964540370e-01 1.000000000000000000e+00 -3.852683741192185207e-02 8.329038430550528282e-02 1.348396995236938491e-02 -1.812206010125365363e-02 2.433760353438158830e-01 1.654990738739814740e-02 1.648169412139377510e-01 2.668360565879208338e-03 7.638771312936168401e-02 3.216393917777515821e-02 1.043584346935420848e-01 1.760039621353371719e-01 -6.720312557055622971e-02 2.248249933122792033e-01 9.748538894307530456e-02 1.114089386891815858e-01 1.135521215311734583e-01 -7.706961685953185592e-02 -3.036614782221828679e-01
-1.285149687284426467e-01 6.518170221719003787e-02 5.484225851620126019e-02 -1.252308903250036985e-02 -3.852683741192185207e-02 1.000000000000000000e+00 -1.563858009396679738e-01 -2.459686996004292470e-01 -8.856339508685719120e-02 -9.665450522574664527e-02 -8.198844089763446252e-02 -7.661077148342229637e-02 2.949439125698162800e-01 -1.944477437982019066e-02 5.710846692152253545e-02 -2.734805218283724998e-02 -1.472200662172386265e-01 -1.796104732968534512e-01 1.050353762118074741e-01 9.181630696655936064e-02 8.803365621027461896e-02 6.919450323954165483e-02 1.242645757729955724e-02 6.097479362265211672e-02
1.025593160250140023e-01 4.543108055246397430e-03 2.094227073181928189e-01 -1.730652208354305777e-01 8.329038430550528282e-02 -1.563858009396679738e-01 1.000000000000000000e+00 1.141486890198709081e-01 1.925709339588577984e-01 8.050903934768365022e-02 1.344580140680377567e-01 9.338888342888651550e-02 -1.532384337974117550e-01 -2.411206180948916814e-03 3.019451676079099034e-02 -1.732924417745769496e-01 -5.140892672222015930e-02 -1.679301450682560426e-01 8.575769325831508749e-02 5.009853947614250486e-02 -9.047311228319643295e-03 -3.697888080041877856e-02 -1.671374120308208311e-01 -1.662954624815538018e-01
-1.181921723507221855e-01 -2.663449588458225575e-02 1.289847985107749617e-01 -2.676381176091599881e-02 1.348396995236938491e-02 -2.459686996004292470e-01 1.141486890198709081e-01 1.000000000000000000e+00 1.389313574133620166e-01 1.030319396936057175e-01 7.193228297379151981e-02 9.464463449332080613e-02 4.990106258791342231e-02 -9.905035033546762124e-02 4.891089562288640502e-02 -1.039386252645633363e-01 3.201442377869936906e-02 1.571659458965438960e-01 -1.905797456345351693e-01 6.030921110207238672e-02 -2.972678069772115017e-01 9.446329268610839658e-02 -2.951811948073266960e-03 -1.052009744786880363e-01
-1.648219671202373338e-01 1.967839479624273746e-01 1.990531409182940692e-01 -9.440253311942346792e-02 -1.812206010125365363e-02 -8.856339508685719120e-02 1.925709339588577984e-01 1.389313574133620166e-01 1.000000000000000000e+00 1.197167207576458059e-01 -1.900472462273258278e-01 -2.574296580673269413e-02 -1.181316061853449895e-01 -1.152059329396983439e-01 -9.712409537912528035e-02 -1.917923963103939505e-02 1.403795302449594995e-01 1.651995966681794603e-01 1.045908028154769465e-01 -2.608232246439815688e-02 -6.525462318074667922e-02 6.800516390299810032e-02 -2.434884302569190195e-01 5.310630096667445094e-02
1.976934262677537343e-02 -1.101789852807933262e-01 1.494954363093736471e-01 -1.632046142281252943e-01 2.433760353438158830e-01 -9.665450522574664527e-02 8.050903934768365022e-02 1.030319396936057175e-01 1.197167207576458059e-01 1.000000000000000000e+00 -8.152248712182375012e-02 7.696093633049229388e-02 -5.268714165476575534e-02 1.199203818479478156e-01 2.155027893900755553e-01 -1.265204345288320487e-01 1.688743471230685078e-01 -7.569838967114798922e-02 -3.031807288817682869e-02 4.710820148381844596e-02 9.724976400793229614e-02 -8.728888605311618809e-02 1.102910799809523890e-01 -1.478392457707792540e-01
2.957432703649542569e-02 -7.858226475525506571e-02 4.253965430295027911e-02 1.622521625506323506e-01 1.654990738739814740e-02 -8.198844089763446252e-02 1.344580140680377567e-01 7.193228297379151981e-02 -1.900472462273258278e-01 -8.152248712182375012e-02 1.000000000000000000e+00 3.109014286340213706e-01 6.083332849728256830e-02 -4.910664837116265891e-02 -6.627818598205363620e-02 -2.810513091004007008e-02 1.124299948332778409e-01 5.420355612458652161e-02 -1.043765775140740974e-02 -5.567103436607970940e-02 -8.299430546659340713e-02 -1.849347913521158238e-01 7.010231766303404166e-02 1.232108455507243960e-01
8.953166863002691434e-02 -2.139332055699263158e-01 1.317863608390318908e-01 1.940737735172447243e-01 1.648169412139377510e-01 -7.661077148342229637e-02 9.338888342888651550e-02 9.464463449332080613e-02 -2.574296580673269413e-02 7.696093633049229388e-02 3.109014286340213706e-01 1.000000000000000000e+00 7.367233697297315143e-02 5.182646847517298483e-02 9.775179871641564988e-02 7.099335226556036105e-02 9.939413313757387847e-02 -1.567202977968131239e-01 -8.636335447335451165e-02 1.030309462791120095e-01 7.510173477423763566e-02 -3.608052945540621281e-02 -5.792822063296999141e-02 -1.068883188406097584e-01
-1.506266151710431399e-02 -2.022126971308268739e-01 -1.510408182719371467e-02 4.284724491091614074e-02 2.668360565879208338e-03 2.949439125698162800e-01 -1.532384337974117550e-01 4.990106258791342231e-02 -1.181316061853449895e-01 -5.268714165476575534e-02 6.083332849728256830e-02 7.367233697297315143e-02 1.000000000000000000e+00 -2.531396090044369940e-01 1.282671036171739720e-01 7.892146447551647015e-02 -9.558951415141073160e-02 4.308357044892258125e-02 -2.313441063817671048e-02 6.918975780018302157e-02 -1.330345387267145574e-01 -7.261190455912530650e-02 -1.599364559250918416e-01 -1.098479104989932668e-02
-6.106544067556801680e-02 -3.640366715367859590e-04 -5.447861562252409584e-03 -2.436103700280958795e-01 7.638771312936168401e-02 -1.944477437982019066e-02 -2.411206180948916814e-03 -9.905035033546762124e-02 -1.152059329396983439e-01 1.199203818479478156e-01 -4.910664837116265891e-02 5.182646847517298483e-02 -2.531396090044369940e-01 1.000000000000000000e+00 -1.048352147986529592e-01 2.101548882857491307e-01 2.965267351825920036e-02 -1.332199257918450785e-01 1.367654121117595489e-01 2.589824291057286065e-01 1.138362288303638864e-01 -1.264921271205231568e-01 1.905615532986847660e-01 1.187414144856083903e-01
9.508224106262845587e-02 3.481251701903876478e-02 -8.121702821381575343e-02 -1.405273993269095523e-01 3.216393917777515821e-02 5.710846692152253545e-02 3.019451676079099034e-02 4.891089562288640502e-02 -9.712409537912528035e-02 2.155027893900755553e-01 -6.627818598205363620e-02 9.775179871641564988e-02 1.282671036171739720e-01 -1.048352147986529592e-01 1.000000000000000000e+00 -7.513402331781181276e-02 4.594347661506061054e-02 -4.305211047508426120e-02 3.271897225555066291e-02 9.344936799579393882e-02 -2.097027429473996007e-01 -5.077232987042319678e-02 1.096980543223625287e-01 -8.836437836461852324e-02
-2.122896055313169550e-01 6.421085694425356094e-02 6.282100863003396707e-02 9.429241791679096943e-03 1.043584346935420848e-01 -2.734805218283724998e-02 -1.732924417745769496e-01 -1.039386252645633363e-01 -1.917923963103939505e-02 -1.265204345288320487e-01 -2.810513091004007008e-02 7.099335226556036105e-02 7.892146447551647015e-02 2.101548882857491307e-01 -7.513402331781181276e-02 1.000000000000000000e+00 -4.603779424278242605e-02 -6.680665018361737172e-03 -9.232152015312389270e-02 1.476624708897333049e-01 5.312544578597786643e-02 7.297958462928832990e-02 1.417692778887174980e-02 1.886806731854652475e-01
5.092400571557086086e-02 -7.061894613511601748e-02 9.085668015397837388e-03 4.429939143906030247e-02 1.760039621353371719e-01 -1.472200662172386265e-01 -5.140892672222015930e-02 3.201442377869936906e-02 1.403795302449594995e-01 1.688743471230685078e-01 1.124299948332778409e-01 9.939413313757387847e-02 -9.558951415141073160e-02 2.965267351825920036e-02 4.594347661506061054e-02 -4.603779424278242605e-02 1.000000000000000000e+00 8.835694856751470649e-02 1.509527885346506441e-02 1.307890760548411913e-01 -1.448383867291514193e-01 5.707421912192128105e-02 -6.831086021432332574e-03 -4.009671798549989397e-02
2.802866681115192410e-02 7.229165105314465378e-02 -1.481258101622981438e-01 -3.420645186094452977e-02 -6.720312557055622971e-02 -1.796104732968534512e-01 -1.679301450682560426e-01 1.571659458965438960e-01 1.651995966681794603e-01 -7.569838967114798922e-02 5.420355612458652161e-02 -1.567202977968131239e-01 4.308357044892258125e-02 -1.332199257918450785e-01 -4.305211047508426120e-02 -6.680665018361737172e-03 8.835694856751470649e-02 1.000000000000000000e+00 -6.648084077619721699e-02 -3.579899491809235366e-03 -1.561178703736747220e-01 -1.967848137119554697e-01 -1.969533928004227885e-01 -2.073521168279265914e-02
-7.540190926849899000e-02 7.856336730507404442e-02 -2.171235155765482705e-01 -6.446775168617954743e-02 2.248249933122792033e-01 1.050353762118074741e-01 8.575769325831508749e-02 -1.905797456345351693e-01 1.045908028154769465e-01 -3.031807288817682869e-02 -1.043765775140740974e-02 -8.636335447335451165e-02 -2.313441063817671048e-02 1.367654121117595489e-01 3.271897225555066291e-02 -9.232152015312389270e-02 1.509527885346506441e-02 -6.648084077619721699e-02 1.000000000000000000e+00 2.538450231613830765e-01 -1.138391904542479099e-01 1.574604668132983248e-02 1.930988151702228012e-02 4.216942223403700313e-02
1.185257931459052089e-01 1.460333928729824239e-02 7.526457972677345898e-02 -1.318308603500025766e-01 9.748538894307530456e-02 9.181630696655936064e-02 5.009853947614250486e-02 6.030921110207238672e-02 -2.608232246439815688e-02 4.710820148381844596e-02 -5.567103436607970940e-02 1.030309462791120095e-01 6.918975780018302157e-02 2.589824291057286065e-01 9.344936799579393882e-02 1.476624708897333049e-01 1.307890760548411913e-01 -3.579899491809235366e-03 2.538450231613830765e-01 1.000000000000000000e+00 -2.713315691355021840e-03 1.150395466446114817e-01 2.229730938508312776e-01 1.327603340863213466e-01
1.004183995288209647e-01 -4.741962078468235642e-02 1.124117476732219290e-01 8.412842244404364345e-02 1.114089386891815858e-01 8.803365621027461896e-02 -9.047311228319643295e-03 -2.972678069772115017e-01 -6.525462318074667922e-02 9.724976400793229614e-02 -8.299430546659340713e-02 7.510173477423763566e-02 -1.330345387267145574e-01 1.138362288303638864e-01 -2.097027429473996007e-01 5.312544578597786643e-02 -1.448383867291514193e-01 -1.561178703736747220e-01 -1.138391904542479099e-01 -2.713315691355021840e-03 1.000000000000000000e+00 4.822054815155679599e-04 1.218713146358548494e-01 -1.056698685210214622e-01
-1.285356476784856317e-01 1.588410710918590207e-01 1.617198526473211939e-01 2.870316993372258874e-01 1.135521215311734583e-01 6.919450323954165483e-02 -3.697888080041877856e-02 9.446329268610839658e-02 6.800516390299810032e-02 -8.728888605311618809e-02 -1.849347913521158238e-01 -3.608052945540621281e-02 -7.261190455912530650e-02 -1.264921271205231568e-01 -5.077232987042319678e-02 7.297958462928832990e-02 5.707421912192128105e-02 -1.967848137119554697e-01 1.574604668132983248e-02 1.150395466446114817e-01 4.822054815155679599e-04 1.000000000000000000e+00 2.913695207327224312e-01 1.041649009486956406e-01
-6.618494267642359430e-02 -2.625971897053827261e-02 3.571110642712200384e-02 5.441018349163925794e-02 -7.706961685953185592e-02 1.242645757729955724e-02 -1.671374120308208311e-01 -2.951811948073266960e-03 -2.434884302569190195e-01 1.102910799809523890e-01 7.010231766303404166e-02 -5.792822063296999141e-02 -1.599364559250918416e-01 1.905615532986847660e-01 1.096980543223625287e-01 1.417692778887174980e-02 -6.831086021432332574e-03 -1.969533928004227885e-01 1.930988151702228012e-02 2.229730938508312776e-01 1.218713146358548494e-01 2.913695207327224312e-01 1.000000000000000000e+00 3.471327673376322642e-01
-3.028133700935659589e-01 3.044465279156501336e-01 1.383401902104684222e-01 -9.021729537901773677e-02 -3.036614782221828679e-01 6.097479362265211672e-02 -1.662954624815538018e-01 -1.052009744786880363e-01 5.310630096667445094e-02 -1.478392457707792540e-01 1.232108455507243960e-01 -1.068883188406097584e-01 -1.098479104989932668e-02 1.187414144856083903e-01 -8.836437836461852324e-02 1.886806731854652475e-01 -4.009671798549989397e-02 -2.073521168279265914e-02 4.216942223403700313e-02 1.327603340863213466e-01 -1.056698685210214622e-01 1.041649009486956406e-01 3.471327673376322642e-01 1.000000000000000000e+00
