5.336448264001678581e+03 -4.843850767550947580e+02 2.422259784480416442e+02 2.698146755032803981e+02 -1.414325846582423480e+02 2.116202546371985349e+01 3.260544030125397086e+01 2.174664736223130035e+01 8.142951966871808622e+01 5.950314092530532406e+01 -3.637919756258624204e+01 2.300045085017123625e-01 -2.893795162196181892e+01 -2.021650768635385376e+01 -1.274029132592968594e+01 -3.977481416649587764e+00 9.553959945048163815e-01 1.918993539130764869e+00 -2.523227952643511518e+00 8.035394736491163759e-01 2.679984847810995774e+00 -3.567378377129292732e-01 -8.768815971356722083e-02 -8.464487679402988851e-01
-4.843850767550947580e+02 2.416073782340300568e+03 -3.370281848843295620e+02 5.784973834870780962e+01 -6.280340266280612127e+01 -3.500676814340092591e+01 -7.566627429183519382e+01 9.947594444536063563e+00 4.087420442699891687e+00 4.946706899597718810e+00 -1.185182472509235652e+01 -2.886581814162195947e+00 -5.976852110770691784e-01 2.965439574938670830e-01 5.669185724590239950e+00 -6.548457504645651461e+00 -7.332839923558159834e-01 1.132982398306201732e+00 -8.462426720760507504e-01 2.404936434493309405e-01 1.598371861655166759e+00 -4.614174594785045436e-01 -1.877628332656193499e-01 -5.549615084875513249e-01
2.422259784480416442e+02 -3.370281848843295620e+02 1.116685662811499924e+03 -2.103957861660938420e+02 -8.427275890731284846e+01 -4.271327700216072998e+01 1.425086979777880281e+01 1.512610535759844055e+01 -2.022768305257496735e+01 -2.735696564817436993e+01 1.979386832234071747e+00 -1.766025564205314424e+00 -4.306107157138972852e+00 -5.744990837902258285e+00 -4.507707352357648745e+00 -2.422469040942126117e+00 -6.113658094326469339e+00 -9.457210895263611361e-01 4.835034173314943229e-01 -4.269613250190768539e-01 1.580038551431945104e-01 -5.927924510657833768e-02 -2.899337731474642688e-01 -1.043026232716030705e-01
2.698146755032803981e+02 5.784973834870780962e+01 -2.103957861660938420e+02 4.908969571057323265e+02 1.924857844251955186e+01 2.195347530132864122e+01 9.310021384020526369e+00 9.060193731868071865e+00 1.585481329404761652e+01 -8.578029908621318533e-01 2.750594746211854513e+00 1.699579942987419656e+00 -2.615319648509621953e+00 2.956133381282985528e+00 -1.017014011580489541e+00 -1.204293170465290608e+00 7.239168739268843078e-01 2.856011604422369121e+00 6.854581642544654851e-01 4.339639826848588032e-03 7.223014895959927184e-01 2.514733113653664920e-01 1.106491413787788897e-01 -8.936318861620050000e-03
-1.414325846582423480e+02 -6.280340266280612127e+01 -8.427275890731284846e+01 1.924857844251955186e+01 4.161637634377024710e+02 6.229101271894730019e+01 3.799033158251658904e+01 1.054203963784378217e+01 -3.185769767012954290e+01 -1.300303483926650117e+01 2.371046522134273360e+00 2.652860388716003825e+00 -5.526076547517678073e+00 5.322262918065785442e+00 3.235683207322921806e+00 -1.675984075540421078e-03 -1.712969031146964305e+00 2.139519916686730139e-01 -6.259101662414584544e-01 1.488140710458709937e-01 -9.663010907197182586e-01 -5.553609412100294351e-01 2.853142739960266017e-01 4.727247203292879452e-02
2.116202546371985349e+01 -3.500676814340092591e+01 -4.271327700216072998e+01 2.195347530132864122e+01 6.229101271894730019e+01 1.681346285342592068e+02 -1.215476288926726411e+01 1.491803741157316132e+01 3.764588611849429167e+00 -4.326732555305963790e-01 -4.532641776435108127e+00 7.697076499307556219e+00 3.439473258420520235e-02 4.142957916528137829e+00 1.078759014539566907e+00 -1.707351507615633979e-01 9.328021545387701341e-01 3.297849728313418383e-01 -2.190283744278604117e-01 -4.532111293295701948e-01 -2.683201885326368386e-01 1.081837940344838184e-01 2.993906652812052330e-02 -1.199323179257172495e-01
3.260544030125397086e+01 -7.566627429183519382e+01 1.425086979777880281e+01 9.310021384020526369e+00 3.799033158251658904e+01 -1.215476288926726411e+01 1.328160276586591237e+02 1.681837340364414857e+01 -2.746591067362634586e+00 6.796170115557010227e+00 3.487297913014332229e-01 5.502737757261302320e+00 -2.262823511082208694e-01 1.708554893509481198e+00 -1.641214373313038211e+00 -3.201932082001553437e-01 -1.130994404512560170e+00 -4.748066857769682181e-01 -4.665291055304383039e-01 -1.147962350280164884e-01 1.500057442263956486e-01 4.342103083550675757e-01 1.267265661424102630e-01 1.019972482703805222e-01
2.174664736223130035e+01 9.947594444536063563e+00 1.512610535759844055e+01 9.060193731868071865e+00 1.054203963784378217e+01 1.491803741157316132e+01 1.681837340364414857e+01 7.126329902250607518e+01 9.336272659724455636e+00 -1.690714866631775948e+00 -1.421624226026908522e+00 1.954058167023472681e+00 -2.398105800112727837e-01 -4.932731574106771766e-02 2.789165943443708828e-01 1.505781945460740213e-02 -2.940798422093027220e-01 -6.193608182754993807e-01 2.789083264581184718e-01 8.904741786044713392e-02 1.595679892445966142e-01 -6.767685726275179947e-02 1.937190257486970726e-02 -1.344187310088004739e-02
8.142951966871808622e+01 4.087420442699891687e+00 -2.022768305257496735e+01 1.585481329404761652e+01 -3.185769767012954290e+01 3.764588611849429167e+00 -2.746591067362634586e+00 9.336272659724455636e+00 5.074815944612272745e+01 5.950422369767378150e+00 7.883949393065949884e-01 1.278334360982958717e+00 5.128236795523024444e-02 -5.158678289660862948e-01 1.711270502887149325e+00 -1.597533702336030592e-01 4.682902374071109541e-01 -5.615355439418677763e-01 9.452147585222117621e-02 -1.534630195888053716e-01 2.901500700618807604e-01 -1.574859238198195732e-01 -8.972288694520279273e-02 7.896674518792011488e-02
5.950314092530532406e+01 4.946706899597718810e+00 -2.735696564817436993e+01 -8.578029908621318533e-01 -1.300303483926650117e+01 -4.326732555305963790e-01 6.796170115557010227e+00 -1.690714866631775948e+00 5.950422369767378150e+00 1.726398355704767695e+01 -2.076507885557148381e+00 7.569725473251076586e-01 -9.152604446765381097e-01 5.866422306451789526e-01 2.401174502195298766e-01 2.671282013874775596e-01 1.130939962408041878e-02 -4.801871700602822202e-02 8.390024546142267614e-02 -4.464229361628675036e-02 1.761182299926379868e-01 5.889966238667579401e-02 -5.509727527423340099e-02 4.884970100684220273e-02
-3.637919756258624204e+01 -1.185182472509235652e+01 1.979386832234071747e+00 2.750594746211854513e+00 2.371046522134273360e+00 -4.532641776435108127e+00 3.487297913014332229e-01 -1.421624226026908522e+00 7.883949393065949884e-01 -2.076507885557148381e+00 1.500765657290551047e+01 -1.122045719454989043e-01 3.799894067756899307e-01 1.469299825067397758e-01 6.704750929366207757e-01 1.347032896691047477e-01 1.006143227689477865e-01 2.816974992952584605e-02 2.028666857573437760e-02 -1.478228190772200856e-01 -4.941499014655625910e-02 -1.282305148339541595e-02 2.704069688703420252e-02 8.010351004048281431e-03
2.300045085017123625e-01 -2.886581814162195947e+00 -1.766025564205314424e+00 1.699579942987419656e+00 2.652860388716003825e+00 7.697076499307556219e+00 5.502737757261302320e+00 1.954058167023472681e+00 1.278334360982958717e+00 7.569725473251076586e-01 -1.122045719454989043e-01 6.448304400755844767e+00 -8.281465284434859075e-01 1.101301114601960673e+00 -2.425024737638157291e-01 -8.662137709372222383e-02 1.075669862733922288e-01 8.624186519410567686e-02 -1.908802369159913470e-01 4.759960422585036988e-02 4.049842997532887567e-02 2.973887614370833085e-02 -1.090098836361963995e-02 -9.750735848232760031e-03
-2.893795162196181892e+01 -5.976852110770691784e-01 -4.306107157138972852e+00 -2.615319648509621953e+00 -5.526076547517678073e+00 3.439473258420520235e-02 -2.262823511082208694e-01 -2.398105800112727837e-01 5.128236795523024444e-02 -9.152604446765381097e-01 3.799894067756899307e-01 -8.281465284434859075e-01 3.222353018535413671e+00 -1.009918232426892798e-01 -9.565393406714574331e-02 7.740181848448829394e-02 1.410840636258022252e-01 -7.777676635784752657e-02 -6.039940826133837620e-02 -1.049922786111815859e-01 2.189135670519173904e-02 2.699664194999197228e-02 2.920315027279808337e-02 -2.406355035810511453e-03
-2.021650768635385376e+01 2.965439574938670830e-01 -5.744990837902258285e+00 2.956133381282985528e+00 5.322262918065785442e+00 4.142957916528137829e+00 1.708554893509481198e+00 -4.932731574106771766e-02 -5.158678289660862948e-01 5.866422306451789526e-01 1.469299825067397758e-01 1.101301114601960673e+00 -1.009918232426892798e-01 2.575748806316788819e+00 -1.952347249117317163e-01 -4.228317032164569285e-03 -1.587389828642467027e-01 -1.817698671602785074e-02 -4.203064567252578348e-02 -5.096278078208172496e-02 2.998150260838850292e-02 -7.333399033572157201e-03 1.733549830332604957e-02 1.926377130352921116e-02
-1.274029132592968594e+01 5.669185724590239950e+00 -4.507707352357648745e+00 -1.017014011580489541e+00 3.235683207322921806e+00 1.078759014539566907e+00 -1.641214373313038211e+00 2.789165943443708828e-01 1.711270502887149325e+00 2.401174502195298766e-01 6.704750929366207757e-01 -2.425024737638157291e-01 -9.565393406714574331e-02 -1.952347249117317163e-01 1.041745076654583269e+00 8.515607894441755421e-02 6.109989423136305553e-02 -7.531389810737325330e-02 1.713626196557409970e-02 -1.668960888381212232e-02 -1.806758658985448476e-02 -1.279476230520697894e-02 -3.780045323885637600e-03 -7.951527709940253838e-04
-3.977481416649587764e+00 -6.548457504645651461e+00 -2.422469040942126117e+00 -1.204293170465290608e+00 -1.675984075540421078e-03 -1.707351507615633979e-01 -3.201932082001553437e-01 1.505781945460740213e-02 -1.597533702336030592e-01 2.671282013874775596e-01 1.347032896691047477e-01 -8.662137709372222383e-02 7.740181848448829394e-02 -4.228317032164569285e-03 8.515607894441755421e-02 6.065560363997822835e-01 4.214848418396533597e-02 -5.903269280437263740e-03 -2.200154938418325337e-02 -7.465786268375008278e-03 -1.433680995049955303e-02 -7.896854103289781268e-03 -2.008316527599816274e-03 4.585112474725584059e-03
9.553959945048163815e-01 -7.332839923558159834e-01 -6.113658094326469339e+00 7.239168739268843078e-01 -1.712969031146964305e+00 9.328021545387701341e-01 -1.130994404512560170e+00 -2.940798422093027220e-01 4.682902374071109541e-01 1.130939962408041878e-02 1.006143227689477865e-01 1.075669862733922288e-01 1.410840636258022252e-01 -1.587389828642467027e-01 6.109989423136305553e-02 4.214848418396533597e-02 3.182675209852261489e-01 3.217543239197091093e-02 -2.464262263607244069e-02 8.418565169923949293e-03 -2.749998732237881899e-03 -5.121716245695453681e-03 -1.677056834357753797e-03 -7.026649962147525977e-03
1.918993539130764869e+00 1.132982398306201732e+00 -9.457210895263611361e-01 2.856011604422369121e+00 2.139519916686730139e-01 3.297849728313418383e-01 -4.748066857769682181e-01 -6.193608182754993807e-01 -5.615355439418677763e-01 -4.801871700602822202e-02 2.816974992952584605e-02 8.624186519410567686e-02 -7.777676635784752657e-02 -1.817698671602785074e-02 -7.531389810737325330e-02 -5.903269280437263740e-03 3.217543239197091093e-02 1.325586381967007732e-01 -2.637027417251719408e-02 9.577075365422408476e-03 7.286178456909442498e-03 -3.788631726934776900e-03 -2.345114559433912095e-03 -5.102544616981584402e-03
-2.523227952643511518e+00 -8.462426720760507504e-01 4.835034173314943229e-01 6.854581642544654851e-01 -6.259101662414584544e-01 -2.190283744278604117e-01 -4.665291055304383039e-01 2.789083264581184718e-01 9.452147585222117621e-02 8.390024546142267614e-02 2.028666857573437760e-02 -1.908802369159913470e-01 -6.039940826133837620e-02 -4.203064567252578348e-02 1.713626196557409970e-02 -2.200154938418325337e-02 -2.464262263607244069e-02 -2.637027417251719408e-02 1.050292642990870162e-01 5.470417928683975195e-03 -8.973879768854846686e-03 7.574371106004002333e-03 1.146324393719649328e-03 3.581073239616548547e-03
8.035394736491163759e-01 2.404936434493309405e-01 -4.269613250190768539e-01 4.339639826848588032e-03 1.488140710458709937e-01 -4.532111293295701948e-01 -1.147962350280164884e-01 8.904741786044713392e-02 -1.534630195888053716e-01 -4.464229361628675036e-02 -1.478228190772200856e-01 4.759960422585036988e-02 -1.049922786111815859e-01 -5.096278078208172496e-02 -1.668960888381212232e-02 -7.465786268375008278e-03 8.418565169923949293e-03 9.577075365422408476e-03 5.470417928683975195e-03 5.942353677108754006e-02 4.996416607814199197e-03 -8.048229288704120132e-03 -3.903155240086927935e-03 2.243740428819893923e-05
2.679984847810995774e+00 1.598371861655166759e+00 1.580038551431945104e-01 7.223014895959927184e-01 -9.663010907197182586e-01 -2.683201885326368386e-01 1.500057442263956486e-01 1.595679892445966142e-01 2.901500700618807604e-01 1.761182299926379868e-01 -4.941499014655625910e-02 4.049842997532887567e-02 2.189135670519173904e-02 2.998150260838850292e-02 -1.806758658985448476e-02 -1.433680995049955303e-02 -2.749998732237881899e-03 7.286178456909442498e-03 -8.973879768854846686e-03 4.996416607814199197e-03 3.573483739970075013e-02 -3.030822134901459651e-03 2.905409566545585475e-03 1.212955039047572186e-03
-3.567378377129292732e-01 -4.614174594785045436e-01 -5.927924510657833768e-02 2.514733113653664920e-01 -5.553609412100294351e-01 1.081837940344838184e-01 4.342103083550675757e-01 -6.767685726275179947e-02 -1.574859238198195732e-01 5.889966238667579401e-02 -1.282305148339541595e-02 2.973887614370833085e-02 2.699664194999197228e-02 -7.333399033572157201e-03 -1.279476230520697894e-02 -7.896854103289781268e-03 -5.121716245695453681e-03 -3.788631726934776900e-03 7.574371106004002333e-03 -8.048229288704120132e-03 -3.030822134901459651e-03 1.974150966414258898e-02 6.780346059279169927e-04 1.229988916274613910e-03
-8.768815971356722083e-02 -1.877628332656193499e-01 -2.899337731474642688e-01 1.106491413787788897e-01 2.853142739960266017e-01 2.993906652812052330e-02 1.267265661424102630e-01 1.937190257486970726e-02 -8.972288694520279273e-02 -5.509727527423340099e-02 2.704069688703420252e-02 -1.090098836361963995e-02 2.920315027279808337e-02 1.733549830332604957e-02 -3.780045323885637600e-03 -2.008316527599816274e-03 -1.677056834357753797e-03 -2.345114559433912095e-03 1.146324393719649328e-03 -3.903155240086927935e-03 2.905409566545585475e-03 6.780346059279169927e-04 7.915755374818523454e-03 2.172421618543376575e-03
-8.464487679402988851e-01 -5.549615084875513249e-01 -1.043026232716030705e-01 -8.936318861620050000e-03 4.727247203292879452e-02 -1.199323179257172495e-01 1.019972482703805222e-01 -1.344187310088004739e-02 7.896674518792011488e-02 4.884970100684220273e-02 8.010351004048281431e-03 -9.750735848232760031e-03 -2.406355035810511453e-03 1.926377130352921116e-02 -7.951527709940253838e-04 4.585112474725584059e-03 -7.026649962147525977e-03 -5.102544616981584402e-03 3.581073239616548547e-03 2.243740428819893923e-05 1.212955039047572186e-03 1.229988916274613910e-03 2.172421618543376575e-03 5.968787421530261789e-03
