1.497439348622362559e+04 -4.032744498063491392e+02 7.400950944105213694e+02 -4.744710600822952529e+02 -2.829051582776151008e+02 -4.308511300546613825e+02 2.777369489623042682e+02 -2.070860449932202982e+02 -2.054719425815960676e+02 1.616121938213925091e+01 1.949122683513189358e+01 3.206983439708764649e+01 -4.831856170511208859e+00 -1.237754991675674354e+01 1.985002448061275970e+01 -2.275921024780346968e+01 4.345556363383388465e+00 1.765007346092317464e+00 -3.766391781650255233e+00 3.985499898941816443e+00 2.251046304294928913e+00 -2.808268695579481999e+00 -1.079879489017922856e+00 -3.791463169837300917e+00
-4.032744498063491392e+02 7.806791138173280160e+03 6.830967765417613009e+02 -1.408420278335899845e+01 -5.483191702342525105e+02 1.577832433530847709e+02 8.883278350161036840e+00 -3.369521717408768779e+01 1.771286296990489575e+02 -6.503427833791808155e+01 -3.739473892753726147e+01 -5.532990149882398612e+01 -4.683627668325007676e+01 -5.327776348169454418e-02 5.247575815740129102e+00 4.970482893336479080e+00 -4.351166688297315233e+00 3.286955917761204216e+00 2.833510979706353794e+00 3.545551251162400441e-01 -7.675220650447751591e-01 2.505760363361777987e+00 -3.093626142296794224e-01 2.752355199764195071e+00
7.400950944105213694e+02 6.830967765417613009e+02 5.210315019621283682e+03 -5.298259541620489017e+02 1.462384311524058944e+01 1.084541621303341259e+02 3.345335541142757165e+02 1.333085543855295612e+02 1.463739656232585844e+02 7.208870149307070108e+01 1.653771987860672965e+01 2.784504182674487893e+01 -2.858011562811507478e+00 -6.513623087371581688e-01 -1.000152217217602946e+01 3.972745397387902777e+00 4.573377632473694110e-01 -5.502146952883540720e+00 -6.397457116008734346e+00 1.492856088085068089e+00 1.486415425347425989e+00 2.084182648466222254e+00 3.436978154526014739e-01 1.021733266838526610e+00
-4.744710600822952529e+02 -1.408420278335899845e+01 -5.298259541620489017e+02 3.358482005808758458e+03 3.178912247155317345e+02 -1.988299860540089270e+01 -2.219551558059192473e+02 -2.220787365229542942e+01 -5.573371264903089184e+01 -6.318459745568965502e+01 5.064209819615254560e+01 3.292181584582335319e+01 6.509266844070567437e+00 -2.338470279966910326e+01 -1.389375187825327451e+01 4.787426534130470590e-01 1.790265661024226462e+00 -1.020114679409700909e+00 -1.525044679498314348e+00 -2.099345463622424024e+00 8.931219661190353820e-01 2.969899977810818381e+00 4.204294970184930813e-01 -5.349565269022044101e-01
-2.829051582776151008e+02 -5.483191702342525105e+02 1.462384311524058944e+01 3.178912247155317345e+02 1.113515116337103791e+03 -3.522170048707535273e+01 6.150732624867283960e+01 6.442483767944985118e+00 -6.160535127201289818e+00 5.425417294617333397e+01 2.974358483788034579e+00 1.609886752472073823e+01 2.334157908313530261e-01 4.222174100993971280e+00 1.831067302862777524e+00 3.050910391669206856e+00 4.095611102970046602e+00 -1.154003129692209750e+00 3.062394794357811811e+00 8.938875717348758743e-01 6.810274360633835622e-01 6.765248587668813984e-01 -3.429041437759694499e-01 -1.036799871934769524e+00
-4.308511300546613825e+02 1.577832433530847709e+02 1.084541621303341259e+02 -1.988299860540089270e+01 -3.522170048707535273e+01 7.505814067407258108e+02 -9.481567554180013246e+01 -9.648643147816630972e+01 -2.471815044423820140e+01 -1.769001820464767505e+01 -1.209765549841404919e+01 -6.143758767079964933e+00 2.118244067887728832e+01 -8.824017886241053432e-01 2.669232594519490132e+00 -6.564159694602297312e-01 -2.812639802080864282e+00 -2.532211717477364843e+00 1.174635241480539216e+00 6.912163992605604435e-01 4.418187606564302761e-01 3.384628014796296491e-01 4.539287784758443134e-02 1.709253250708383243e-01
2.777369489623042682e+02 8.883278350161036840e+00 3.345335541142757165e+02 -2.219551558059192473e+02 6.150732624867283960e+01 -9.481567554180013246e+01 4.897425609688905865e+02 3.616948710720119919e+01 4.341476694047843665e+01 1.190243573827804546e+01 1.602582148136556484e+01 6.049570260726592430e+00 -8.889744708896284209e+00 -8.838587030946903900e-02 1.139984704288222295e+00 -3.359830609642581400e+00 -7.933606747086032751e-01 -1.912414566377341307e+00 7.746857097049065777e-01 3.046521874463464230e-01 -3.667752037999819081e-02 -1.461093923912452353e-01 -4.931727501434516880e-01 -3.765489992560663857e-01
-2.070860449932202982e+02 -3.369521717408768779e+01 1.333085543855295612e+02 -2.220787365229542942e+01 6.442483767944985118e+00 -9.648643147816630972e+01 3.616948710720119919e+01 2.050099769319606651e+02 2.026518583516653038e+01 9.855227435347076792e+00 5.547036539259943666e+00 3.966695969513425180e+00 1.872987818049733688e+00 -2.349135590968177922e+00 1.194758504531382659e+00 -1.303821997561044999e+00 3.196549222465567275e-01 1.158018252914166268e+00 -1.113865548295799979e+00 2.372829088259522379e-01 -7.797078207994999621e-01 2.414854818640698175e-01 -5.635308025062549589e-03 -1.541219288429204470e-01
-2.054719425815960676e+02 1.771286296990489575e+02 1.463739656232585844e+02 -5.573371264903089184e+01 -6.160535127201289818e+00 -2.471815044423820140e+01 4.341476694047843665e+01 2.026518583516653038e+01 1.037828580883311247e+02 8.147510004664937355e+00 -1.042735306019965336e+01 -7.676562873776966445e-01 -3.154761869529203899e+00 -1.944026715865695643e+00 -1.688017003162499252e+00 -1.711780347124916279e-01 9.972747117511127080e-01 8.660465815669389222e-01 4.349354831860431370e-01 -7.301370469670143137e-02 -1.217784977194842494e-01 1.236930085908697352e-01 -3.307368745005417887e-01 5.535617073993119586e-02
1.616121938213925091e+01 -6.503427833791808155e+01 7.208870149307070108e+01 -6.318459745568965502e+01 5.425417294617333397e+01 -1.769001820464767505e+01 1.190243573827804546e+01 9.855227435347076792e+00 8.147510004664937355e+00 4.462873260968042644e+01 -2.933150734145522076e+00 1.504953349264807505e+00 -9.226767470438607122e-01 1.326981444281268407e+00 2.456106472237416405e+00 -7.404944177400555327e-01 7.867181476703719589e-01 -2.602336023203032922e-01 -8.267560843506698010e-02 8.647670082478738085e-02 1.190124363065294399e-01 -1.041134112155668312e-01 9.824017808113237604e-02 -1.010541584131241372e-01
1.949122683513189358e+01 -3.739473892753726147e+01 1.653771987860672965e+01 5.064209819615254560e+01 2.974358483788034579e+00 -1.209765549841404919e+01 1.602582148136556484e+01 5.547036539259943666e+00 -1.042735306019965336e+01 -2.933150734145522076e+00 2.900676980137786742e+01 4.901373744533261245e+00 8.588729491820500384e-01 -4.380811316128163657e-01 -6.089860079237965351e-01 -1.326139264746651059e-01 4.222601361795160213e-01 1.502266283638495348e-01 -2.294675436131011007e-02 -8.238995895603667963e-02 -8.188314066811352987e-02 -1.778315254435685333e-01 5.034119672203560270e-02 6.789781469884215159e-02
3.206983439708764649e+01 -5.532990149882398612e+01 2.784504182674487893e+01 3.292181584582335319e+01 1.609886752472073823e+01 -6.143758767079964933e+00 6.049570260726592430e+00 3.966695969513425180e+00 -7.676562873776966445e-01 1.504953349264807505e+00 4.901373744533261245e+00 8.568224483949897774e+00 5.653111160770518673e-01 2.512821301807586227e-01 4.881543823597629950e-01 1.820610064445920273e-01 2.028870731528658877e-01 -2.360696315586401639e-01 -1.031913872434740836e-01 8.287211419245070487e-02 4.027095231744980131e-02 -1.885639938269337637e-02 -2.260877758865892026e-02 -3.201347651759416102e-02
-4.831856170511208859e+00 -4.683627668325007676e+01 -2.858011562811507478e+00 6.509266844070567437e+00 2.334157908313530261e-01 2.118244067887728832e+01 -8.889744708896284209e+00 1.872987818049733688e+00 -3.154761869529203899e+00 -9.226767470438607122e-01 8.588729491820500384e-01 5.653111160770518673e-01 6.871876116398556888e+00 -1.099163595880905397e+00 5.736407113928660984e-01 1.812535968213888626e-01 -1.747415258088608481e-01 5.811908975442496572e-02 -2.475509692135856310e-02 4.983962694256435094e-02 -6.388495330506942238e-02 -3.398489535396416461e-02 -5.590190447392728856e-02 -2.946365601785138916e-03
-1.237754991675674354e+01 -5.327776348169454418e-02 -6.513623087371581688e-01 -2.338470279966910326e+01 4.222174100993971280e+00 -8.824017886241053432e-01 -8.838587030946903900e-02 -2.349135590968177922e+00 -1.944026715865695643e+00 1.326981444281268407e+00 -4.380811316128163657e-01 2.512821301807586227e-01 -1.099163595880905397e+00 2.743652729575176696e+00 -2.962502848586220372e-01 3.049705507192562171e-01 3.425126649864226880e-02 -1.135542030532914609e-01 9.247181439610686893e-02 1.178773006691496428e-01 3.454153100914757885e-02 -3.740834668014525466e-02 4.208635647703375809e-02 2.012444736048870156e-02
1.985002448061275970e+01 5.247575815740129102e+00 -1.000152217217602946e+01 -1.389375187825327451e+01 1.831067302862777524e+00 2.669232594519490132e+00 1.139984704288222295e+00 1.194758504531382659e+00 -1.688017003162499252e+00 2.456106472237416405e+00 -6.089860079237965351e-01 4.881543823597629950e-01 5.736407113928660984e-01 -2.962502848586220372e-01 2.910543092175700952e+00 -1.122994164156021074e-01 5.465867268313023830e-02 -3.779644196569162395e-02 2.278532357709341441e-02 4.380853166515231295e-02 -6.553716348445749740e-02 -1.546516499885023863e-02 2.495326715839053452e-02 -1.542486663935454735e-02
-2.275921024780346968e+01 4.970482893336479080e+00 3.972745397387902777e+00 4.787426534130470590e-01 3.050910391669206856e+00 -6.564159694602297312e-01 -3.359830609642581400e+00 -1.303821997561044999e+00 -1.711780347124916279e-01 -7.404944177400555327e-01 -1.326139264746651059e-01 1.820610064445920273e-01 1.812535968213888626e-01 3.049705507192562171e-01 -1.122994164156021074e-01 7.675517646804643768e-01 -2.812655572928184425e-02 -3.011916925522982371e-03 -3.301606525983745433e-02 3.554833632185392528e-02 8.526149380935273137e-03 1.141551929650065460e-02 1.656065231176234156e-03 1.691369243012358012e-02
4.345556363383388465e+00 -4.351166688297315233e+00 4.573377632473694110e-01 1.790265661024226462e+00 4.095611102970046602e+00 -2.812639802080864282e+00 -7.933606747086032751e-01 3.196549222465567275e-01 9.972747117511127080e-01 7.867181476703719589e-01 4.222601361795160213e-01 2.028870731528658877e-01 -1.747415258088608481e-01 3.425126649864226880e-02 5.465867268313023830e-02 -2.812655572928184425e-02 4.862912072463616009e-01 3.170723513886349043e-02 4.296926042323363955e-03 2.506195766531827199e-02 -1.850241424939760848e-02 7.106056150048144400e-03 -6.351545851938160099e-04 -2.860975963050772786e-03
1.765007346092317464e+00 3.286955917761204216e+00 -5.502146952883540720e+00 -1.020114679409700909e+00 -1.154003129692209750e+00 -2.532211717477364843e+00 -1.912414566377341307e+00 1.158018252914166268e+00 8.660465815669389222e-01 -2.602336023203032922e-01 1.502266283638495348e-01 -2.360696315586401639e-01 5.811908975442496572e-02 -1.135542030532914609e-01 -3.779644196569162395e-02 -3.011916925522982371e-03 3.170723513886349043e-02 2.648127623899199645e-01 -1.396479257294344981e-02 -5.062156893262877459e-04 -1.471697618108639902e-02 -1.808012729586326583e-02 -1.351370384889606126e-02 -1.091779922994668512e-03
-3.766391781650255233e+00 2.833510979706353794e+00 -6.397457116008734346e+00 -1.525044679498314348e+00 3.062394794357811811e+00 1.174635241480539216e+00 7.746857097049065777e-01 -1.113865548295799979e+00 4.349354831860431370e-01 -8.267560843506698010e-02 -2.294675436131011007e-02 -1.031913872434740836e-01 -2.475509692135856310e-02 9.247181439610686893e-02 2.278532357709341441e-02 -3.301606525983745433e-02 4.296926042323363955e-03 -1.396479257294344981e-02 1.666238098108375199e-01 2.847295193698751864e-02 -8.512494446746864118e-03 1.147573505129589671e-03 1.050968293246073906e-03 1.761259527332540960e-03
3.985499898941816443e+00 3.545551251162400441e-01 1.492856088085068089e+00 -2.099345463622424024e+00 8.938875717348758743e-01 6.912163992605604435e-01 3.046521874463464230e-01 2.372829088259522379e-01 -7.301370469670143137e-02 8.647670082478738085e-02 -8.238995895603667963e-02 8.287211419245070487e-02 4.983962694256435094e-02 1.178773006691496428e-01 4.380853166515231295e-02 3.554833632185392528e-02 2.506195766531827199e-02 -5.062156893262877459e-04 2.847295193698751864e-02 7.550759252618775841e-02 -1.365815858237522053e-04 5.643946928768761064e-03 8.169382796654823045e-03 3.732680542339390783e-03
2.251046304294928913e+00 -7.675220650447751591e-01 1.486415425347425989e+00 8.931219661190353820e-01 6.810274360633835622e-01 4.418187606564302761e-01 -3.667752037999819081e-02 -7.797078207994999621e-01 -1.217784977194842494e-01 1.190124363065294399e-01 -8.188314066811352987e-02 4.027095231744980131e-02 -6.388495330506942238e-02 3.454153100914757885e-02 -6.553716348445749740e-02 8.526149380935273137e-03 -1.850241424939760848e-02 -1.471697618108639902e-02 -8.512494446746864118e-03 -1.365815858237522053e-04 3.355776477843049055e-02 1.577135849777345797e-05 2.976730268219896294e-03 -1.980636847409966879e-03
-2.808268695579481999e+00 2.505760363361777987e+00 2.084182648466222254e+00 2.969899977810818381e+00 6.765248587668813984e-01 3.384628014796296491e-01 -1.461093923912452353e-01 2.414854818640698175e-01 1.236930085908697352e-01 -1.041134112155668312e-01 -1.778315254435685333e-01 -1.885639938269337637e-02 -3.398489535396416461e-02 -3.740834668014525466e-02 -1.546516499885023863e-02 1.141551929650065460e-02 7.106056150048144400e-03 -1.808012729586326583e-02 1.147573505129589671e-03 5.643946928768761064e-03 1.577135849777345797e-05 3.187725349684187443e-02 6.936270836644349742e-03 1.902913414870271817e-03
-1.079879489017922856e+00 -3.093626142296794224e-01 3.436978154526014739e-01 4.204294970184930813e-01 -3.429041437759694499e-01 4.539287784758443134e-02 -4.931727501434516880e-01 -5.635308025062549589e-03 -3.307368745005417887e-01 9.824017808113237604e-02 5.034119672203560270e-02 -2.260877758865892026e-02 -5.590190447392728856e-02 4.208635647703375809e-02 2.495326715839053452e-02 1.656065231176234156e-03 -6.351545851938160099e-04 -1.351370384889606126e-02 1.050968293246073906e-03 8.169382796654823045e-03 2.976730268219896294e-03 6.936270836644349742e-03 1.777800195460267976e-02 4.735809886292271023e-03
-3.791463169837300917e+00 2.752355199764195071e+00 1.021733266838526610e+00 -5.349565269022044101e-01 -1.036799871934769524e+00 1.709253250708383243e-01 -3.765489992560663857e-01 -1.541219288429204470e-01 5.535617073993119586e-02 -1.010541584131241372e-01 6.789781469884215159e-02 -3.201347651759416102e-02 -2.946365601785138916e-03 2.012444736048870156e-02 -1.542486663935454735e-02 1.691369243012358012e-02 -2.860975963050772786e-03 -1.091779922994668512e-03 1.761259527332540960e-03 3.732680542339390783e-03 -1.980636847409966879e-03 1.902913414870271817e-03 4.735809886292271023e-03 1.046922055024290983e-02
