5.204577449537533539e+03 -5.981218130765148544e+02 2.982071627588002229e+02 2.475561095760955084e+02 -1.654931962869013944e+02 4.165298803578110665e+01 1.109410382330315414e+01 3.359644808638959290e+01 6.548369699123843191e+01 4.945055656284122847e+01 -3.060877781090849226e+01 3.584843025464264699e+00 -2.525973556923205621e+01 -1.914238962038702141e+01 -1.540786202083406486e+01 -5.093866353018458248e+00 2.263472599856156120e-01 2.154483603106930545e+00 -2.544709462015574353e+00 9.850733642758532360e-01 2.562693917010478550e+00 -2.477099127314849603e-01 2.088369639037171155e-01 -3.112891863156776462e-01
-5.981218130765148544e+02 2.417656933024937643e+03 -3.438467915339912793e+02 1.430250053492981621e+01 -6.036385799570724231e+01 -5.638216047885996574e+01 -5.042302254954959295e+01 1.617879368576841514e+01 4.518803261453013143e+00 4.348950787043293076e+00 -8.089582632684518160e+00 -2.898350761715803525e+00 -1.766220645685475876e+00 1.243440663291525174e-02 6.362025431364197736e+00 -6.033018255713554545e+00 -1.087231551087558312e+00 7.832584392483442626e-01 -5.776829329011082814e-01 -1.081409563198062196e-01 1.468325887822639952e+00 -3.627003046276850995e-01 -4.940752267183101676e-02 -2.821902513117101607e-01
2.982071627588002229e+02 -3.438467915339912793e+02 1.075316964626229719e+03 -2.041114262761379052e+02 -9.275794019682059854e+01 -4.220785639188755312e+01 1.709075440241192467e+01 1.979304906574474998e+00 -2.610459267425194341e+01 -2.691117293474298577e+01 2.649281862239328600e+00 -1.101235441997801656e+00 -2.955234675770058494e+00 -7.338367616076314270e+00 -5.373489343077769043e+00 -2.155776996706049164e+00 -6.272036962275580052e+00 -3.882611019806387898e-01 5.046887834932339834e-01 5.011216481236432235e-02 2.793487614184378409e-01 1.755452421136977914e-01 -4.238481506018159650e-01 -1.910358019694023690e-01
2.475561095760955084e+02 1.430250053492981621e+01 -2.041114262761379052e+02 5.021701591592198497e+02 3.216902096712109227e+01 2.574115440004761624e+01 1.747807839821514975e+01 6.552035354355683516e+00 9.009419203875381754e+00 2.421032996813906824e+00 6.671015940289950485e+00 1.231278536495273412e+00 -1.338075265917063161e+00 2.876251964441243203e+00 -1.299650812499412833e+00 -5.920923080415981810e-01 9.777097370360419148e-01 2.967752400584963812e+00 5.802382409001457519e-01 -2.368497842095117489e-01 4.328548488438593300e-01 2.445348176208894109e-01 -1.081920433540988769e-01 -2.843440224385653248e-01
-1.654931962869013944e+02 -6.036385799570724231e+01 -9.275794019682059854e+01 3.216902096712109227e+01 4.130864854914244688e+02 6.148263251045400324e+01 3.811590957106225375e+01 9.203827717807495645e+00 -2.838670899433509476e+01 -1.390112390354937233e+01 3.691775803769657749e+00 5.175513594145686014e+00 -5.567390910090393774e+00 5.142318873489432285e+00 3.806724150001282059e+00 -7.724905995621512977e-02 -1.578868622551526268e+00 8.929615179679457893e-02 -7.169514489573761695e-01 5.683054435459293507e-02 -1.118571544576672405e+00 -6.950157890711793351e-01 8.102350382435910547e-02 -1.196106684330247860e-01
4.165298803578110665e+01 -5.638216047885996574e+01 -4.220785639188755312e+01 2.574115440004761624e+01 6.148263251045400324e+01 1.610759026911246394e+02 -9.012437245782699335e+00 1.285388520096941001e+01 3.092199962025450777e+00 -2.171425142010467990e+00 -5.503115170704551140e+00 7.965789651590808873e+00 3.971459815163483342e-01 3.650813425223562891e+00 8.556434242702516402e-01 -3.556243012929018454e-01 9.922617840670269196e-01 4.714804886773254489e-01 -3.130192096716011285e-01 -3.996879134165955971e-01 -1.559587313842500100e-01 1.012975914164701702e-01 1.451070921141253134e-01 3.509273916577678593e-03
1.109410382330315414e+01 -5.042302254954959295e+01 1.709075440241192467e+01 1.747807839821514975e+01 3.811590957106225375e+01 -9.012437245782699335e+00 1.306273932148360188e+02 1.984644603086754344e+01 -3.150178701653563618e+00 6.855772169064249688e+00 1.795489112023649081e-01 5.564603390499728519e+00 -5.025355452966270287e-01 1.439359706879846268e+00 -1.328837257631680924e+00 -2.336585028765174599e-01 -1.091019099473277576e+00 -4.311742068264285410e-01 -5.450278334768849930e-01 -1.091809491750142247e-01 1.141128150195806906e-01 4.012056564251840207e-01 8.887151952096106200e-02 6.903639225367307064e-02
3.359644808638959290e+01 1.617879368576841514e+01 1.979304906574474998e+00 6.552035354355683516e+00 9.203827717807495645e+00 1.285388520096941001e+01 1.984644603086754344e+01 7.259119773316409407e+01 1.053273972078308596e+01 -1.846167077760086261e+00 -8.501374234416536613e-01 1.348600184081143905e+00 -4.034975687062350991e-01 -1.716351461000270306e-01 4.819935131326664179e-01 -8.150793379765171320e-02 -4.253811366036018837e-01 -5.988018607771987689e-01 2.944938520031603058e-01 2.212301241244798988e-02 2.162244311197892011e-01 -2.971237365254408153e-02 9.078830200772093628e-02 9.078233558402228065e-02
6.548369699123843191e+01 4.518803261453013143e+00 -2.610459267425194341e+01 9.009419203875381754e+00 -2.838670899433509476e+01 3.092199962025450777e+00 -3.150178701653563618e+00 1.053273972078308596e+01 5.186067216554936010e+01 5.632482208609114416e+00 7.153251312181742039e-01 1.602842000872253703e+00 -3.842686035152565599e-02 -6.745861918505635657e-01 1.706157114173632472e+00 -1.961466773020603682e-01 5.906749531279571475e-01 -5.267654737066042037e-01 1.361486104921622864e-01 -1.467731088477153278e-01 3.242988201012921290e-01 -1.290619517219082912e-01 -5.114466478360914919e-02 1.271897832593577859e-01
4.945055656284122847e+01 4.348950787043293076e+00 -2.691117293474298577e+01 2.421032996813906824e+00 -1.390112390354937233e+01 -2.171425142010467990e+00 6.855772169064249688e+00 -1.846167077760086261e+00 5.632482208609114416e+00 1.760533137513847635e+01 -1.890338759824256920e+00 9.912521811581914699e-01 -9.686495728551405282e-01 3.873800967025686215e-01 1.888988936880308112e-01 1.882286284435649992e-01 5.936161653031049590e-02 -9.221799602941865848e-04 1.060025608930342117e-01 -3.227625230338057594e-02 1.585750438443625510e-01 9.181374441918009610e-02 -2.637739625344543218e-02 9.318202427487139172e-02
-3.060877781090849226e+01 -8.089582632684518160e+00 2.649281862239328600e+00 6.671015940289950485e+00 3.691775803769657749e+00 -5.503115170704551140e+00 1.795489112023649081e-01 -8.501374234416536613e-01 7.153251312181742039e-01 -1.890338759824256920e+00 1.438552646607552710e+01 -2.061879493387287210e-01 3.724929676667438905e-01 5.222841036996934971e-02 6.742539429255002270e-01 1.739121025496301320e-01 1.201550592175894411e-01 6.549155158263565701e-02 2.674415451917825509e-02 -1.507675336107937858e-01 -6.796366504949001575e-02 -3.934299723998237880e-02 -6.979860392088353162e-03 -1.796693783773742684e-02
3.584843025464264699e+00 -2.898350761715803525e+00 -1.101235441997801656e+00 1.231278536495273412e+00 5.175513594145686014e+00 7.965789651590808873e+00 5.564603390499728519e+00 1.348600184081143905e+00 1.602842000872253703e+00 9.912521811581914699e-01 -2.061879493387287210e-01 6.570930081152281943e+00 -6.716878192283696203e-01 1.070382914647302508e+00 -2.506258885876740394e-01 -1.249139127865971782e-01 8.101260751822800255e-02 4.312400068438543982e-02 -2.167521355722161203e-01 3.393344562114232466e-02 3.827357695122719089e-02 6.546244819414835138e-03 -3.394542589342534195e-02 -2.777692443298163463e-02
-2.525973556923205621e+01 -1.766220645685475876e+00 -2.955234675770058494e+00 -1.338075265917063161e+00 -5.567390910090393774e+00 3.971459815163483342e-01 -5.025355452966270287e-01 -4.034975687062350991e-01 -3.842686035152565599e-02 -9.686495728551405282e-01 3.724929676667438905e-01 -6.716878192283696203e-01 3.203766969401785403e+00 -1.156995232678719315e-01 -1.021471875322861184e-01 6.156966220192142819e-02 1.403361359738851954e-01 -7.558508138239815322e-02 -6.396713201890388834e-02 -9.536368901192203429e-02 2.114224056433151172e-02 2.944870089159395271e-02 2.473543532653840055e-02 -1.063406885344674903e-02
-1.914238962038702141e+01 1.243440663291525174e-02 -7.338367616076314270e+00 2.876251964441243203e+00 5.142318873489432285e+00 3.650813425223562891e+00 1.439359706879846268e+00 -1.716351461000270306e-01 -6.745861918505635657e-01 3.873800967025686215e-01 5.222841036996934971e-02 1.070382914647302508e+00 -1.156995232678719315e-01 2.539892311663610069e+00 -2.004400667154437321e-01 -4.112913102174989765e-04 -1.561202065256955540e-01 -9.037701151166376706e-03 -2.900371353984981804e-02 -4.567909466271379004e-02 3.246846297024476302e-02 -3.410395646566973882e-04 2.214845220318299029e-02 2.394570623797003320e-02
-1.540786202083406486e+01 6.362025431364197736e+00 -5.373489343077769043e+00 -1.299650812499412833e+00 3.806724150001282059e+00 8.556434242702516402e-01 -1.328837257631680924e+00 4.819935131326664179e-01 1.706157114173632472e+00 1.888988936880308112e-01 6.742539429255002270e-01 -2.506258885876740394e-01 -1.021471875322861184e-01 -2.004400667154437321e-01 1.057014318663687336e+00 9.518917442780254479e-02 5.638272979223501319e-02 -6.598703558042862127e-02 1.217407456081484075e-02 -1.396469312727895672e-02 -1.344174147821607795e-02 -1.139020753731211956e-02 -6.148579357064131888e-04 3.165183039427791559e-03
-5.093866353018458248e+00 -6.033018255713554545e+00 -2.155776996706049164e+00 -5.920923080415981810e-01 -7.724905995621512977e-02 -3.556243012929018454e-01 -2.336585028765174599e-01 -8.150793379765171320e-02 -1.961466773020603682e-01 1.882286284435649992e-01 1.739121025496301320e-01 -1.249139127865971782e-01 6.156966220192142819e-02 -4.112913102174989765e-04 9.518917442780254479e-02 5.856746020370036110e-01 2.941528097334221784e-02 -1.157893945097192810e-02 -2.070447644135154502e-02 -1.333164230907828672e-02 -1.554585027247256009e-02 -2.146932335485090930e-03 2.206975994820504529e-03 1.001996805061139764e-02
2.263472599856156120e-01 -1.087231551087558312e+00 -6.272036962275580052e+00 9.777097370360419148e-01 -1.578868622551526268e+00 9.922617840670269196e-01 -1.091019099473277576e+00 -4.253811366036018837e-01 5.906749531279571475e-01 5.936161653031049590e-02 1.201550592175894411e-01 8.101260751822800255e-02 1.403361359738851954e-01 -1.561202065256955540e-01 5.638272979223501319e-02 2.941528097334221784e-02 3.156341045251421784e-01 2.634108298651791080e-02 -2.633578261499191359e-02 4.762643435949096699e-03 -6.175822691685381796e-03 -4.490974792364711178e-03 -2.265767496301078935e-05 -3.933299102239854947e-03
2.154483603106930545e+00 7.832584392483442626e-01 -3.882611019806387898e-01 2.967752400584963812e+00 8.929615179679457893e-02 4.714804886773254489e-01 -4.311742068264285410e-01 -5.988018607771987689e-01 -5.267654737066042037e-01 -9.221799602941865848e-04 6.549155158263565701e-02 4.312400068438543982e-02 -7.558508138239815322e-02 -9.037701151166376706e-03 -6.598703558042862127e-02 -1.157893945097192810e-02 2.634108298651791080e-02 1.296866911945519230e-01 -2.254775488744220971e-02 8.034440486982694085e-03 4.639510439447800533e-03 -8.578944329711400349e-03 -7.480239610655001030e-03 -8.489702042077839489e-03
-2.544709462015574353e+00 -5.776829329011082814e-01 5.046887834932339834e-01 5.802382409001457519e-01 -7.169514489573761695e-01 -3.130192096716011285e-01 -5.450278334768849930e-01 2.944938520031603058e-01 1.361486104921622864e-01 1.060025608930342117e-01 2.674415451917825509e-02 -2.167521355722161203e-01 -6.396713201890388834e-02 -2.900371353984981804e-02 1.217407456081484075e-02 -2.070447644135154502e-02 -2.633578261499191359e-02 -2.254775488744220971e-02 1.099537293355832279e-01 8.482060389544224602e-03 -6.217627804899625993e-03 9.876286983602093617e-03 4.998816764893062627e-03 6.500443961047819297e-03
9.850733642758532360e-01 -1.081409563198062196e-01 5.011216481236432235e-02 -2.368497842095117489e-01 5.683054435459293507e-02 -3.996879134165955971e-01 -1.091809491750142247e-01 2.212301241244798988e-02 -1.467731088477153278e-01 -3.227625230338057594e-02 -1.507675336107937858e-01 3.393344562114232466e-02 -9.536368901192203429e-02 -4.567909466271379004e-02 -1.396469312727895672e-02 -1.333164230907828672e-02 4.762643435949096699e-03 8.034440486982694085e-03 8.482060389544224602e-03 6.118111934084775883e-02 4.980688935743531748e-03 -7.335880430733991361e-03 -4.033541477790232588e-03 -7.902387130783773434e-05
2.562693917010478550e+00 1.468325887822639952e+00 2.793487614184378409e-01 4.328548488438593300e-01 -1.118571544576672405e+00 -1.559587313842500100e-01 1.141128150195806906e-01 2.162244311197892011e-01 3.242988201012921290e-01 1.585750438443625510e-01 -6.796366504949001575e-02 3.827357695122719089e-02 2.114224056433151172e-02 3.246846297024476302e-02 -1.344174147821607795e-02 -1.554585027247256009e-02 -6.175822691685381796e-03 4.639510439447800533e-03 -6.217627804899625993e-03 4.980688935743531748e-03 3.552504345393639462e-02 -1.228499129989028089e-03 3.057006875932783904e-03 1.697814677495880758e-03
-2.477099127314849603e-01 -3.627003046276850995e-01 1.755452421136977914e-01 2.445348176208894109e-01 -6.950157890711793351e-01 1.012975914164701702e-01 4.012056564251840207e-01 -2.971237365254408153e-02 -1.290619517219082912e-01 9.181374441918009610e-02 -3.934299723998237880e-02 6.546244819414835138e-03 2.944870089159395271e-02 -3.410395646566973882e-04 -1.139020753731211956e-02 -2.146932335485090930e-03 -4.490974792364711178e-03 -8.578944329711400349e-03 9.876286983602093617e-03 -7.335880430733991361e-03 -1.228499129989028089e-03 2.253587122465266351e-02 3.351374499758998354e-03 3.422561302354719132e-03
2.088369639037171155e-01 -4.940752267183101676e-02 -4.238481506018159650e-01 -1.081920433540988769e-01 8.102350382435910547e-02 1.451070921141253134e-01 8.887151952096106200e-02 9.078830200772093628e-02 -5.114466478360914919e-02 -2.637739625344543218e-02 -6.979860392088353162e-03 -3.394542589342534195e-02 2.473543532653840055e-02 2.214845220318299029e-02 -6.148579357064131888e-04 2.206975994820504529e-03 -2.265767496301078935e-05 -7.480239610655001030e-03 4.998816764893062627e-03 -4.033541477790232588e-03 3.057006875932783904e-03 3.351374499758998354e-03 9.716483305774585924e-03 4.174108896509240267e-03
-3.112891863156776462e-01 -2.821902513117101607e-01 -1.910358019694023690e-01 -2.843440224385653248e-01 -1.196106684330247860e-01 3.509273916577678593e-03 6.903639225367307064e-02 9.078233558402228065e-02 1.271897832593577859e-01 9.318202427487139172e-02 -1.796693783773742684e-02 -2.777692443298163463e-02 -1.063406885344674903e-02 2.394570623797003320e-02 3.165183039427791559e-03 1.001996805061139764e-02 -3.933299102239854947e-03 -8.489702042077839489e-03 6.500443961047819297e-03 -7.902387130783773434e-05 1.697814677495880758e-03 3.422561302354719132e-03 4.174108896509240267e-03 8.279796682800830490e-03
