6.534215705638944200e+03 -1.028285989006348302e+02 2.897841038739456394e+02 -1.316769797084349136e+02 -8.728778534916519050e+01 -1.304714989761905883e+02 1.020456650655217032e+02 -8.575884876712076732e+01 -8.423885653804254048e+01 2.161564523283654538e+01 1.147463893881677066e+01 2.000820587955183072e+01 6.728238557695192412e+00 -3.883112824482916281e+00 1.112825219159362256e+01 -1.199098551777523447e+01 2.965042266084707112e+00 9.519605452734611895e-01 -2.035112758926042709e+00 2.333220201025739460e+00 1.398210469939018097e+00 -1.928921343893126084e+00 -1.048573008794153827e+00 -2.898340432331226069e+00
-1.028285989006348302e+02 2.120410829399825616e+03 1.771795110912308928e+02 -2.764015695210312273e+01 -1.638742993216094987e+02 4.621471480463477377e+01 -4.944123546874343411e+00 -2.262126443166237877e+01 6.109429756872413719e+01 -2.626185258464863992e+01 -1.604177800186076652e+01 -2.538051537258568047e+01 -2.059403148461516864e+01 2.629150250924845444e-01 1.194828379437026245e+00 5.452555424479754720e-01 -2.635336182729619114e+00 1.565893239173838269e+00 1.705249039798594879e+00 2.107716605265458620e-01 2.495667921690982172e-01 1.291036894913788258e+00 3.315554236382416975e-01 1.556835739914066430e+00
2.897841038739456394e+02 1.771795110912308928e+02 1.076112866369018548e+03 -1.036998285364636274e+02 1.071204317033402020e+01 3.708704678457722537e+01 8.480260143668593287e+01 3.413905703388379465e+01 4.588696245556290876e+01 2.260443893117885139e+01 4.953239761927159535e+00 9.063703193814536263e+00 -3.803138027339413307e-01 3.043102536237265454e-01 -2.658809488177551916e+00 1.299719401498907301e+00 6.036518190633071157e-01 -1.971787295260293060e+00 -2.423323262677576029e+00 5.308809013918232012e-01 8.757408920188917145e-01 9.766893519938212309e-01 3.015758493827021547e-01 5.641934694817549723e-01
-1.316769797084349136e+02 -2.764015695210312273e+01 -1.036998285364636274e+02 6.410802967723200254e+02 8.414307277586603107e+01 -1.269224455820479669e+01 -4.129426456887218677e+01 -7.815047064146513733e+00 -1.680768332944357368e+01 -1.465559177303320659e+01 1.989361128178802929e+01 1.229763127109857734e+01 3.875063885573490019e+00 -7.795173868859621713e+00 -5.609375966397883495e+00 2.017275238109172142e-01 9.889593545726520496e-01 -6.650545519185470100e-01 -6.170945756217448563e-01 -9.130386253020675857e-01 2.829470388025551730e-01 9.762819236555186908e-01 -5.093075497446943739e-02 -5.421438812101718741e-01
-8.728778534916519050e+01 -1.638742993216094987e+02 1.071204317033402020e+01 8.414307277586603107e+01 2.608266275608972933e+02 -1.203922174160538994e+01 2.115347410034936715e+01 5.585578909544955728e+00 -6.860133323209124390e-01 1.901129273032885081e+01 9.198157214604556486e-01 6.886093207710858977e+00 4.975072537396126315e-01 1.200416272156216824e+00 8.444794896345296786e-01 7.773095917381100950e-01 1.825986451186640380e+00 -4.808786541916834634e-01 1.048401922813323228e+00 2.716274469570410521e-01 1.537468135199572816e-01 1.664281905601212863e-01 -2.094522662061600593e-01 -5.174376746683156947e-01
-1.304714989761905883e+02 4.621471480463477377e+01 3.708704678457722537e+01 -1.269224455820479669e+01 -1.203922174160538994e+01 2.158440934752175338e+02 -2.830458063131367297e+01 -3.234892420795718238e+01 -7.729996764614807780e+00 -8.630703561951076352e+00 -6.821728437740378403e+00 -4.442507631545405289e+00 7.994866379053054750e+00 -7.537055803441283786e-01 6.652487328240634934e-01 -4.031085638403296145e-01 -1.227464081737098978e+00 -1.057341457888679725e+00 6.725574217177842096e-01 2.933454625475282462e-01 1.647818575105425010e-01 8.174185634140418433e-02 -8.585919077942294128e-03 1.014148025833618849e-01
1.020456650655217032e+02 -4.944123546874343411e+00 8.480260143668593287e+01 -4.129426456887218677e+01 2.115347410034936715e+01 -2.830458063131367297e+01 1.462928828548409683e+02 1.366477118731656759e+01 1.548837684889848454e+01 3.475587661431011721e+00 4.573706624143405008e+00 2.877776168072974983e+00 -3.641107578410233803e+00 4.830430181668849549e-02 1.105442694716083640e-01 -1.528990681436567023e+00 -5.518081745787495329e-01 -1.071312373184478473e+00 2.590447899669965914e-01 1.923382646043949804e-02 -6.316345715499513402e-02 -1.332774987849320858e-01 -2.961677676287891026e-01 -2.242316309074909031e-01
-8.575884876712076732e+01 -2.262126443166237877e+01 3.413905703388379465e+01 -7.815047064146513733e+00 5.585578909544955728e+00 -3.234892420795718238e+01 1.366477118731656759e+01 7.610351692144887181e+01 6.821610623587855748e+00 4.311467306990190984e+00 2.051341575635598602e+00 1.460616416721208122e+00 7.592138893740713046e-01 -1.478341663287406682e+00 6.131563515119192731e-01 -7.752540760776014395e-01 1.205511583057704006e-01 4.185905194993835288e-01 -6.504220371145967849e-01 6.108480530487254284e-02 -4.279463673902158538e-01 1.461574724669147118e-01 -3.947412416758076803e-02 -1.330242462793494451e-01
-8.423885653804254048e+01 6.109429756872413719e+01 4.588696245556290876e+01 -1.680768332944357368e+01 -6.860133323209124390e-01 -7.729996764614807780e+00 1.548837684889848454e+01 6.821610623587855748e+00 4.353009456802272581e+01 3.890380657146200072e+00 -5.292661787527898731e+00 -6.465671537684268833e-01 -1.543628161957781852e+00 -8.871252794940011066e-01 -9.738224891898852320e-01 -1.545982762098409569e-01 5.333035518499759098e-01 4.640013040305095426e-01 2.196564016603466396e-01 -4.881958937455439101e-02 -3.215536710452772742e-03 1.203621399658633961e-01 -1.174561092554221309e-01 9.605983941646364932e-02
2.161564523283654538e+01 -2.626185258464863992e+01 2.260443893117885139e+01 -1.465559177303320659e+01 1.901129273032885081e+01 -8.630703561951076352e+00 3.475587661431011721e+00 4.311467306990190984e+00 3.890380657146200072e+00 2.074491515595151370e+01 -1.314975749013057360e+00 9.690715485558781817e-01 -4.270894985855148152e-01 7.040415405046058783e-01 1.182061706721647010e+00 -3.691069438725448904e-01 5.062449917763189866e-01 -9.642132971053771207e-02 -4.510371033293227028e-02 2.833421486121033214e-02 9.394284970861474515e-02 -3.984893753605650568e-02 7.913719990596630727e-02 -4.334740721482473191e-02
1.147463893881677066e+01 -1.604177800186076652e+01 4.953239761927159535e+00 1.989361128178802929e+01 9.198157214604556486e-01 -6.821728437740378403e+00 4.573706624143405008e+00 2.051341575635598602e+00 -5.292661787527898731e+00 -1.314975749013057360e+00 1.554319525311379024e+01 2.641536516592168482e+00 3.656200071389864581e-01 -4.332937135180894850e-01 -6.122429616577531597e-01 -1.433622473571747602e-01 2.574895452691260966e-01 2.974357924120283811e-02 -7.021776801822177116e-02 -1.202129185657736382e-01 -7.148223153203686620e-02 -1.244083674333520406e-01 3.297323081787411486e-02 5.682174033079574055e-02
2.000820587955183072e+01 -2.538051537258568047e+01 9.063703193814536263e+00 1.229763127109857734e+01 6.886093207710858977e+00 -4.442507631545405289e+00 2.877776168072974983e+00 1.460616416721208122e+00 -6.465671537684268833e-01 9.690715485558781817e-01 2.641536516592168482e+00 5.257512898285664704e+00 2.565676358642042243e-01 8.211512982590805920e-02 2.438332047045142781e-01 4.930249097513828005e-02 1.300248012727992231e-01 -2.026122473909715838e-01 -9.619785854764603683e-02 3.642541538910776255e-02 4.145457960266724778e-02 -1.969072410290404959e-02 -2.520842291154633957e-02 -5.004144096506418782e-02
6.728238557695192412e+00 -2.059403148461516864e+01 -3.803138027339413307e-01 3.875063885573490019e+00 4.975072537396126315e-01 7.994866379053054750e+00 -3.641107578410233803e+00 7.592138893740713046e-01 -1.543628161957781852e+00 -4.270894985855148152e-01 3.656200071389864581e-01 2.565676358642042243e-01 4.809508103550724556e+00 -7.994704370372678337e-01 3.189968457987090722e-01 1.263456474499357052e-01 -1.188710072080533253e-01 7.105936552852880339e-02 -4.321344340452589611e-02 2.449928963639446192e-02 -2.879960713714822471e-02 -2.673078629962698585e-02 -4.227679073254835690e-02 -3.379411657332094705e-03
-3.883112824482916281e+00 2.629150250924845444e-01 3.043102536237265454e-01 -7.795173868859621713e+00 1.200416272156216824e+00 -7.537055803441283786e-01 4.830430181668849549e-02 -1.478341663287406682e+00 -8.871252794940011066e-01 7.040415405046058783e-01 -4.332937135180894850e-01 8.211512982590805920e-02 -7.994704370372678337e-01 1.949824257720614851e+00 -3.156800406401013004e-01 2.273752058185986857e-01 2.679371096383914921e-02 -8.219665505804245320e-02 5.888190507032092097e-02 6.528817554967858428e-02 2.329443041161518776e-02 -3.400058112843822034e-02 2.086311594830490487e-02 5.104648869555378048e-03
1.112825219159362256e+01 1.194828379437026245e+00 -2.658809488177551916e+00 -5.609375966397883495e+00 8.444794896345296786e-01 6.652487328240634934e-01 1.105442694716083640e-01 6.131563515119192731e-01 -9.738224891898852320e-01 1.182061706721647010e+00 -6.122429616577531597e-01 2.438332047045142781e-01 3.189968457987090722e-01 -3.156800406401013004e-01 1.894149151147479282e+00 -9.847790333493387782e-02 1.323994223855773193e-02 -5.495932416686067495e-02 7.240536516365260987e-03 2.720522202460570402e-02 -3.838001394784482795e-02 -6.929836474361373948e-03 2.639904790912446855e-02 6.658169627579318180e-04
-1.199098551777523447e+01 5.452555424479754720e-01 1.299719401498907301e+00 2.017275238109172142e-01 7.773095917381100950e-01 -4.031085638403296145e-01 -1.528990681436567023e+00 -7.752540760776014395e-01 -1.545982762098409569e-01 -3.691069438725448904e-01 -1.433622473571747602e-01 4.930249097513828005e-02 1.263456474499357052e-01 2.273752058185986857e-01 -9.847790333493387782e-02 5.392282503361910395e-01 -1.059251904392389566e-02 -6.834288240776201055e-03 -2.656898836041704168e-02 2.502182791404505141e-02 1.197644191134740639e-02 1.471931277281806998e-02 8.819640990325229926e-03 1.845181877753519079e-02
2.965042266084707112e+00 -2.635336182729619114e+00 6.036518190633071157e-01 9.889593545726520496e-01 1.825986451186640380e+00 -1.227464081737098978e+00 -5.518081745787495329e-01 1.205511583057704006e-01 5.333035518499759098e-01 5.062449917763189866e-01 2.574895452691260966e-01 1.300248012727992231e-01 -1.188710072080533253e-01 2.679371096383914921e-02 1.323994223855773193e-02 -1.059251904392389566e-02 3.515675777482230036e-01 2.260972806462240373e-02 -1.386195985221731243e-03 1.548863701516563565e-02 -1.016487645445478781e-02 1.038461082291249928e-02 6.889761869204517712e-03 6.642594002007678675e-03
9.519605452734611895e-01 1.565893239173838269e+00 -1.971787295260293060e+00 -6.650545519185470100e-01 -4.808786541916834634e-01 -1.057341457888679725e+00 -1.071312373184478473e+00 4.185905194993835288e-01 4.640013040305095426e-01 -9.642132971053771207e-02 2.974357924120283811e-02 -2.026122473909715838e-01 7.105936552852880339e-02 -8.219665505804245320e-02 -5.495932416686067495e-02 -6.834288240776201055e-03 2.260972806462240373e-02 1.863546068764477259e-01 -8.638995772137395696e-03 -2.976404784503526363e-04 -1.092609170914578959e-02 -1.113816453743509891e-02 -7.083756543255048665e-03 4.368427040186663272e-03
-2.035112758926042709e+00 1.705249039798594879e+00 -2.423323262677576029e+00 -6.170945756217448563e-01 1.048401922813323228e+00 6.725574217177842096e-01 2.590447899669965914e-01 -6.504220371145967849e-01 2.196564016603466396e-01 -4.510371033293227028e-02 -7.021776801822177116e-02 -9.619785854764603683e-02 -4.321344340452589611e-02 5.888190507032092097e-02 7.240536516365260987e-03 -2.656898836041704168e-02 -1.386195985221731243e-03 -8.638995772137395696e-03 1.240363045072297860e-01 2.074545863152930242e-02 -2.835524823235801867e-03 2.384831472682244057e-03 3.022508470208255284e-03 2.685113854183218338e-03
2.333220201025739460e+00 2.107716605265458620e-01 5.308809013918232012e-01 -9.130386253020675857e-01 2.716274469570410521e-01 2.933454625475282462e-01 1.923382646043949804e-02 6.108480530487254284e-02 -4.881958937455439101e-02 2.833421486121033214e-02 -1.202129185657736382e-01 3.642541538910776255e-02 2.449928963639446192e-02 6.528817554967858428e-02 2.720522202460570402e-02 2.502182791404505141e-02 1.548863701516563565e-02 -2.976404784503526363e-04 2.074545863152930242e-02 5.184002456127308894e-02 -5.904850695906673982e-04 3.038287357334976038e-03 5.537891927365136586e-03 2.990022427891596453e-03
1.398210469939018097e+00 2.495667921690982172e-01 8.757408920188917145e-01 2.829470388025551730e-01 1.537468135199572816e-01 1.647818575105425010e-01 -6.316345715499513402e-02 -4.279463673902158538e-01 -3.215536710452772742e-03 9.394284970861474515e-02 -7.148223153203686620e-02 4.145457960266724778e-02 -2.879960713714822471e-02 2.329443041161518776e-02 -3.838001394784482795e-02 1.197644191134740639e-02 -1.016487645445478781e-02 -1.092609170914578959e-02 -2.835524823235801867e-03 -5.904850695906673982e-04 2.543828698025504820e-02 3.606358817298813200e-04 2.233926395780773400e-03 -1.478878860785266076e-03
-1.928921343893126084e+00 1.291036894913788258e+00 9.766893519938212309e-01 9.762819236555186908e-01 1.664281905601212863e-01 8.174185634140418433e-02 -1.332774987849320858e-01 1.461574724669147118e-01 1.203621399658633961e-01 -3.984893753605650568e-02 -1.244083674333520406e-01 -1.969072410290404959e-02 -2.673078629962698585e-02 -3.400058112843822034e-02 -6.929836474361373948e-03 1.471931277281806998e-02 1.038461082291249928e-02 -1.113816453743509891e-02 2.384831472682244057e-03 3.038287357334976038e-03 3.606358817298813200e-04 2.550035441507381498e-02 7.100652233206986540e-03 4.401175356105122179e-03
-1.048573008794153827e+00 3.315554236382416975e-01 3.015758493827021547e-01 -5.093075497446943739e-02 -2.094522662061600593e-01 -8.585919077942294128e-03 -2.961677676287891026e-01 -3.947412416758076803e-02 -1.174561092554221309e-01 7.913719990596630727e-02 3.297323081787411486e-02 -2.520842291154633957e-02 -4.227679073254835690e-02 2.086311594830490487e-02 2.639904790912446855e-02 8.819640990325229926e-03 6.889761869204517712e-03 -7.083756543255048665e-03 3.022508470208255284e-03 5.537891927365136586e-03 2.233926395780773400e-03 7.100652233206986540e-03 1.494318136234483452e-02 7.235245843109077736e-03
-2.898340432331226069e+00 1.556835739914066430e+00 5.641934694817549723e-01 -5.421438812101718741e-01 -5.174376746683156947e-01 1.014148025833618849e-01 -2.242316309074909031e-01 -1.330242462793494451e-01 9.605983941646364932e-02 -4.334740721482473191e-02 5.682174033079574055e-02 -5.004144096506418782e-02 -3.379411657332094705e-03 5.104648869555378048e-03 6.658169627579318180e-04 1.845181877753519079e-02 6.642594002007678675e-03 4.368427040186663272e-03 2.685113854183218338e-03 2.990022427891596453e-03 -1.478878860785266076e-03 4.401175356105122179e-03 7.235245843109077736e-03 1.512763654513064361e-02
