1.000000000000000000e+00 4.979776507717841028e-02 1.516121300878876983e-02 -1.544105304688600522e-01 -1.102914497988874594e-02 -1.433073175038291625e-01 1.653248295035840421e-01 -2.187125995225423780e-01 -1.409720730047969439e-01 9.014388991940386342e-02 6.457146960557537396e-02 1.763580882515336512e-01 1.171056665972146360e-02 -1.744520032088366090e-01 1.465539217541118322e-01 -1.229149136002190279e-01 2.669306144316563670e-02 2.080489099829732624e-02 -1.989870178110147644e-02 9.072718474417382564e-03 6.780506359718273257e-02 -9.366466249047980530e-02 -6.029333846011645376e-02 -2.239096147773650403e-01
4.979776507717841028e-02 1.000000000000000000e+00 -7.148240968117428040e-02 -8.879761717895222339e-02 -8.344852071786827696e-02 -8.839500490381341224e-02 -2.577936841362011081e-02 -3.820261750196580347e-02 2.461590696318243510e-01 1.204390727051432922e-02 4.070098599802519229e-02 -1.834411309311418659e-01 -9.448926410042433888e-02 -1.315872854918368473e-01 9.753701846159279487e-02 5.602355978791975083e-02 -6.237587973827981441e-02 -2.224319362319060467e-02 4.501525302165936687e-02 1.621861412718655915e-01 -1.654188969542686183e-01 -1.398651377358396675e-02 6.805700539263569160e-02 2.348446264270551143e-01
1.516121300878876983e-02 -7.148240968117428040e-02 1.000000000000000000e+00 -7.313827453414911695e-02 7.294877427475070231e-02 2.366684554055003414e-02 1.689837572756585637e-01 1.121161825929614109e-01 3.288815666639340329e-01 1.785611515000498639e-01 -2.935909417295051033e-02 1.074963395996299809e-01 -4.593935225129112954e-02 5.771876197048364521e-02 -1.640887683444925693e-01 1.061714894831621153e-01 2.044423570508246690e-01 -6.821724990308072889e-03 6.233427268499822094e-02 1.403754568249894197e-01 2.228826649696037110e-01 4.775499839786136874e-02 -9.479865372008614011e-02 1.157488881422472603e-02
-1.544105304688600522e-01 -8.879761717895222339e-02 -7.313827453414911695e-02 1.000000000000000000e+00 2.569485544275427746e-01 -7.543445005507098435e-03 -1.029183213995048946e-01 -8.010635146206056267e-02 -1.573188030701739848e-01 -9.123489088158348581e-02 1.273045302230213505e-01 5.133743305491218073e-02 5.152569004317916757e-02 -5.496975108321185133e-02 -2.178356341173251498e-01 -5.405704297454547863e-03 -9.578475323404786468e-02 2.145681435370855317e-02 1.340258326652399301e-01 8.820781720760055566e-02 1.677009528558402462e-01 3.599871199549798395e-01 9.958444679507395814e-02 8.514489745957874722e-02
-1.102914497988874594e-02 -8.344852071786827696e-02 7.294877427475070231e-02 2.569485544275427746e-01 1.000000000000000000e+00 -2.316672220135664872e-01 6.221155919862619843e-02 8.534894540064257018e-02 -1.632264542972198806e-01 1.006784190693090081e-01 -2.407896042554522748e-02 1.373000419187209997e-01 4.209413160212666788e-02 -6.443459222725134682e-03 5.515829623735843401e-02 5.437749209949187951e-02 5.159221747704837574e-02 -9.910225202534883593e-02 1.590284830808338379e-01 5.942218442315510413e-02 1.441851526723769983e-01 8.672072255456891865e-02 -1.593399727443877978e-01 -2.025430242717322915e-01
-1.433073175038291625e-01 -8.839500490381341224e-02 2.366684554055003414e-02 -7.543445005507098435e-03 -2.316672220135664872e-01 1.000000000000000000e+00 -7.547096360928340353e-02 -1.808576263713616572e-01 1.352329258632808118e-01 3.211079508042457425e-02 3.579101253461835358e-02 -6.717229550405609539e-02 1.668983723928929019e-01 -4.661796203091551211e-02 -2.501740616793587252e-02 -1.540363451700286698e-02 -1.088877717755171726e-01 -8.599322684584707888e-02 1.671095287341380631e-01 3.416938175719401449e-02 1.419103293434352264e-01 7.951796566712276970e-02 1.414488748624588565e-01 2.397191885602181494e-01
1.653248295035840421e-01 -2.577936841362011081e-02 1.689837572756585637e-01 -1.029183213995048946e-01 6.221155919862619843e-02 -7.547096360928340353e-02 1.000000000000000000e+00 -1.007177782234091323e-01 1.017636159882714109e-01 9.048648006834851543e-02 6.328519095529716587e-02 2.715743377358348365e-01 -2.088476711708368849e-01 2.134921738600580876e-01 1.442470723860110778e-02 -1.135334592738540815e-01 -8.443835719296195752e-02 -1.623143103072676174e-01 6.569552632447578366e-02 7.998999590102943633e-03 7.747182255551124386e-02 -1.066753230524708357e-01 -1.279534201695100848e-01 -1.850462460012455013e-01
-2.187125995225423780e-01 -3.820261750196580347e-02 1.121161825929614109e-01 -8.010635146206056267e-02 8.534894540064257018e-02 -1.808576263713616572e-01 -1.007177782234091323e-01 1.000000000000000000e+00 1.489313458718006244e-01 -1.481938926764731213e-01 -1.257521956288707998e-01 -4.627959588127757151e-02 -7.745229814543826141e-02 5.734828517391497155e-02 -6.768105977608872281e-02 -2.577757434594290520e-01 6.108160447589931069e-02 6.005662586427931021e-02 -7.237056088177912239e-02 2.449103806624203933e-02 -2.781087938114975011e-01 -1.007404649066780677e-01 -1.032020448911799698e-01 -1.490651547984477854e-01
-1.409720730047969439e-01 2.461590696318243510e-01 3.288815666639340329e-01 -1.573188030701739848e-01 -1.632264542972198806e-01 1.352329258632808118e-01 1.017636159882714109e-01 1.489313458718006244e-01 1.000000000000000000e+00 1.041321057490690871e-01 -1.228831351394386040e-01 -1.733846200096856860e-01 -6.393313141129991495e-02 3.983784894364813395e-02 -8.357171077282324334e-02 5.216436715360017740e-02 7.467928400134120348e-02 2.282276686181129027e-02 5.602923322708665971e-02 6.273762408273972357e-02 -2.391866143216235530e-02 -1.416928190081790939e-01 -1.386763467924830295e-01 7.175163699631316450e-02
9.014388991940386342e-02 1.204390727051432922e-02 1.785611515000498639e-01 -9.123489088158348581e-02 1.006784190693090081e-01 3.211079508042457425e-02 9.048648006834851543e-02 -1.481938926764731213e-01 1.041321057490690871e-01 1.000000000000000000e+00 4.640538123739894327e-02 7.423060331111595161e-03 -7.615426488862621357e-02 -8.608689797158167178e-02 1.681716622022602914e-01 7.487948738200804477e-02 2.310522240890566514e-01 -2.776380812714437929e-01 1.097518858338272507e-01 6.323873675822651308e-02 1.624533552747960824e-02 -1.455267687418165534e-01 1.239830706213892880e-01 -4.022163058913064138e-02
6.457146960557537396e-02 4.070098599802519229e-02 -2.935909417295051033e-02 1.273045302230213505e-01 -2.407896042554522748e-02 3.579101253461835358e-02 6.328519095529716587e-02 -1.257521956288707998e-01 -1.228831351394386040e-01 4.640538123739894327e-02 1.000000000000000000e+00 2.511941905652219642e-01 1.362551969830682885e-01 1.357324448573037357e-01 5.975961826030017771e-02 5.275466376109159278e-02 1.285288639893694129e-01 3.246695478371717375e-02 2.025972580653525867e-01 1.108546498659455509e-01 5.743779464098485582e-02 -6.698701005310167544e-02 -1.389258696299123241e-01 1.732074373494396080e-01
1.763580882515336512e-01 -1.834411309311418659e-01 1.074963395996299809e-01 5.133743305491218073e-02 1.373000419187209997e-01 -6.717229550405609539e-02 2.715743377358348365e-01 -4.627959588127757151e-02 -1.733846200096856860e-01 7.423060331111595161e-03 2.511941905652219642e-01 1.000000000000000000e+00 1.255906224818151007e-01 1.430579936957195597e-01 -2.701917732491218929e-02 4.583801187267530497e-02 1.367149124532442139e-01 -1.401897979116971393e-01 1.139843025514647445e-01 1.836451871147128379e-01 7.360658515638338062e-02 5.340344042123940788e-02 -7.118586140514020222e-02 8.012440330368816865e-02
1.171056665972146360e-02 -9.448926410042433888e-02 -4.593935225129112954e-02 5.152569004317916757e-02 4.209413160212666788e-02 1.668983723928929019e-01 -2.088476711708368849e-01 -7.745229814543826141e-02 -6.393313141129991495e-02 -7.615426488862621357e-02 1.362551969830682885e-01 1.255906224818151007e-01 1.000000000000000000e+00 -3.133463290036909155e-01 1.464610045086267298e-01 1.029884427951985176e-01 1.633789407126750096e-02 1.190910055736016659e-01 6.649830375468143706e-02 1.106996086163066773e-01 9.848532064007832487e-02 -2.579043530864688627e-02 -1.487109237956951990e-01 1.692329961414119344e-01
-1.744520032088366090e-01 -1.315872854918368473e-01 5.771876197048364521e-02 -5.496975108321185133e-02 -6.443459222725134682e-03 -4.661796203091551211e-02 2.134921738600580876e-01 5.734828517391497155e-02 3.983784894364813395e-02 -8.608689797158167178e-02 1.357324448573037357e-01 1.430579936957195597e-01 -3.133463290036909155e-01 1.000000000000000000e+00 -6.690760896817878056e-02 1.145939295946523384e-01 3.808762880816098095e-02 -5.573288413041158594e-03 5.525909397375449589e-02 1.059617929572437972e-01 8.393513869865877608e-02 -1.946660699278671136e-01 1.005042675667416757e-01 6.063494240731925888e-02
1.465539217541118322e-01 9.753701846159279487e-02 -1.640887683444925693e-01 -2.178356341173251498e-01 5.515829623735843401e-02 -2.501740616793587252e-02 1.442470723860110778e-02 -6.768105977608872281e-02 -8.357171077282324334e-02 1.681716622022602914e-01 5.975961826030017771e-02 -2.701917732491218929e-02 1.464610045086267298e-01 -6.690760896817878056e-02 1.000000000000000000e+00 8.721035323139980644e-02 7.814578506426854421e-02 -1.615740978322683929e-01 -9.311497690952062756e-02 8.714042597759168174e-02 -1.491173287626775257e-01 -1.874118365633479499e-01 1.706072111071937625e-01 -1.092493085647840562e-01
-1.229149136002190279e-01 5.602355978791975083e-02 1.061714894831621153e-01 -5.405704297454547863e-03 5.437749209949187951e-02 -1.540363451700286698e-02 -1.135334592738540815e-01 -2.577757434594290520e-01 5.216436715360017740e-02 7.487948738200804477e-02 5.275466376109159278e-02 4.583801187267530497e-02 1.029884427951985176e-01 1.145939295946523384e-01 8.721035323139980644e-02 1.000000000000000000e+00 1.430206394066191045e-01 -6.204536231413607106e-02 5.407755863927071749e-02 1.648080714114812384e-01 1.210366993168257715e-01 7.499712531218888367e-02 2.041452570690018564e-01 2.778128357154616701e-01
2.669306144316563670e-02 -6.237587973827981441e-02 2.044423570508246690e-01 -9.578475323404786468e-02 5.159221747704837574e-02 -1.088877717755171726e-01 -8.443835719296195752e-02 6.108160447589931069e-02 7.467928400134120348e-02 2.310522240890566514e-01 1.285288639893694129e-01 1.367149124532442139e-01 1.633789407126750096e-02 3.808762880816098095e-02 7.814578506426854421e-02 1.430206394066191045e-01 1.000000000000000000e+00 -3.389254723172421130e-02 1.564145094269547009e-01 2.550471624503565238e-01 -7.376050905655001655e-02 7.793389623688258550e-02 9.622923848472023090e-02 1.072491012296820367e-01
2.080489099829732624e-02 -2.224319362319060467e-02 -6.821724990308072889e-03 2.145681435370855317e-02 -9.910225202534883593e-02 -8.599322684584707888e-02 -1.623143103072676174e-01 6.005662586427931021e-02 2.282276686181129027e-02 -2.776380812714437929e-01 3.246695478371717375e-02 -1.401897979116971393e-01 1.190910055736016659e-01 -5.573288413041158594e-03 -1.615740978322683929e-01 -6.204536231413607106e-02 -3.389254723172421130e-02 1.000000000000000000e+00 6.300609421196265436e-02 5.964749928418609098e-02 9.787816103673271928e-02 -3.834217511176050974e-02 -2.470281169509340735e-01 -5.338008267621069391e-02
-1.989870178110147644e-02 4.501525302165936687e-02 6.233427268499822094e-02 1.340258326652399301e-01 1.590284830808338379e-01 1.671095287341380631e-01 6.569552632447578366e-02 -7.237056088177912239e-02 5.602923322708665971e-02 1.097518858338272507e-01 2.025972580653525867e-01 1.139843025514647445e-01 6.649830375468143706e-02 5.525909397375449589e-02 -9.311497690952062756e-02 5.407755863927071749e-02 1.564145094269547009e-01 6.300609421196265436e-02 1.000000000000000000e+00 3.706993002417278138e-01 1.943002821206215869e-01 2.131656041089399767e-02 -2.456494047429183536e-01 8.871024494564376528e-02
9.072718474417382564e-03 1.621861412718655915e-01 1.403754568249894197e-01 8.820781720760055566e-02 5.942218442315510413e-02 3.416938175719401449e-02 7.998999590102943633e-03 2.449103806624203933e-02 6.273762408273972357e-02 6.323873675822651308e-02 1.108546498659455509e-01 1.836451871147128379e-01 1.106996086163066773e-01 1.059617929572437972e-01 8.714042597759168174e-02 1.648080714114812384e-01 2.550471624503565238e-01 5.964749928418609098e-02 3.706993002417278138e-01 1.000000000000000000e+00 1.149659681721656723e-01 4.444337342314678974e-02 -9.002707242434409771e-03 1.333398415018420269e-01
6.780506359718273257e-02 -1.654188969542686183e-01 2.228826649696037110e-01 1.677009528558402462e-01 1.441851526723769983e-01 1.419103293434352264e-01 7.747182255551124386e-02 -2.781087938114975011e-01 -2.391866143216235530e-02 1.624533552747960824e-02 5.743779464098485582e-02 7.360658515638338062e-02 9.848532064007832487e-02 8.393513869865877608e-02 -1.491173287626775257e-01 1.210366993168257715e-01 -7.376050905655001655e-02 9.787816103673271928e-02 1.943002821206215869e-01 1.149659681721656723e-01 1.000000000000000000e+00 2.378193528156210268e-01 -5.067116848689130759e-02 1.387377399922690505e-02
-9.366466249047980530e-02 -1.398651377358396675e-02 4.775499839786136874e-02 3.599871199549798395e-01 8.672072255456891865e-02 7.951796566712276970e-02 -1.066753230524708357e-01 -1.007404649066780677e-01 -1.416928190081790939e-01 -1.455267687418165534e-01 -6.698701005310167544e-02 5.340344042123940788e-02 -2.579043530864688627e-02 -1.946660699278671136e-01 -1.874118365633479499e-01 7.499712531218888367e-02 7.793389623688258550e-02 -3.834217511176050974e-02 2.131656041089399767e-02 4.444337342314678974e-02 2.378193528156210268e-01 1.000000000000000000e+00 2.938443155478273616e-01 2.986529953153090333e-01
-6.029333846011645376e-02 6.805700539263569160e-02 -9.479865372008614011e-02 9.958444679507395814e-02 -1.593399727443877978e-01 1.414488748624588565e-01 -1.279534201695100848e-01 -1.032020448911799698e-01 -1.386763467924830295e-01 1.239830706213892880e-01 -1.389258696299123241e-01 -7.118586140514020222e-02 -1.487109237956951990e-01 1.005042675667416757e-01 1.706072111071937625e-01 2.041452570690018564e-01 9.622923848472023090e-02 -2.470281169509340735e-01 -2.456494047429183536e-01 -9.002707242434409771e-03 -5.067116848689130759e-02 2.938443155478273616e-01 1.000000000000000000e+00 3.725679068796932114e-01
-2.239096147773650403e-01 2.348446264270551143e-01 1.157488881422472603e-02 8.514489745957874722e-02 -2.025430242717322915e-01 2.397191885602181494e-01 -1.850462460012455013e-01 -1.490651547984477854e-01 7.175163699631316450e-02 -4.022163058913064138e-02 1.732074373494396080e-01 8.012440330368816865e-02 1.692329961414119344e-01 6.063494240731925888e-02 -1.092493085647840562e-01 2.778128357154616701e-01 1.072491012296820367e-01 -5.338008267621069391e-02 8.871024494564376528e-02 1.333398415018420269e-01 1.387377399922690505e-02 2.986529953153090333e-01 3.725679068796932114e-01 1.000000000000000000e+00
