2.390404167565423904e+03 -2.321514634564392168e+02 1.428681979383003409e+02 1.861954536387582664e+02 2.981348004496823467e+00 4.532216436809606108e+01 -3.817940241672196322e+01 5.775350003805803567e+01 3.775603796397585477e+00 2.335332491623256068e+00 -2.979842195569014862e+00 -4.294521864324754468e+00 -1.076895989271002918e+01 -5.852238762053825205e+00 -1.667888623216382538e+00 5.488455593637771024e+00 -2.503827577915581415e+00 -2.163927089050965147e-01 3.939583902097956170e-01 -1.517102237581474389e-01 1.520972069552859685e+00 -9.497183183247574767e-02 2.937497909129259573e-03 -3.377038237517482333e-01
-2.321514634564392168e+02 1.249820037495605675e+03 -3.725939202736087452e+01 -3.386452159721602406e+00 -2.820684865669376151e+01 6.388599023147182976e+01 -6.909668223602163373e+00 1.836923949721505878e+01 1.784796977544490204e+01 -1.176794237379561103e+01 -1.846441423272079874e+01 3.484260802499838050e+00 -5.494034167963302018e+00 -2.756235649170779567e+00 1.862025914028088369e+00 -2.816408787901100386e+00 -6.531833323698116311e-01 2.037424842258135360e+00 7.372598266757192098e-01 1.113932527839639891e-01 -4.449006791681260897e-01 5.876561758018631343e-01 4.652340586598425198e-01 -4.082423801124009377e-01
1.428681979383003409e+02 -3.725939202736087452e+01 5.794885717147568585e+02 -6.050820107827492222e+01 -4.366143917107986994e+00 6.667478046146929849e+00 -4.060819802840804016e+01 1.608114597441316462e+01 -8.036548884796830272e-01 9.166634837597554153e+00 2.868897015122799488e+00 1.208000127251206424e+00 2.777573830237198838e+00 -3.008047468108584255e+00 2.036082889926101203e+00 -2.851709153260328367e-01 -9.611634254804101163e-01 8.960988679059640472e-01 4.803572016931313415e-01 4.906967420524577239e-01 4.613905246324362386e-01 5.792102886821071800e-02 1.663567353766257639e-01 -3.163522020639075727e-02
1.861954536387582664e+02 -3.386452159721602406e+00 -6.050820107827492222e+01 2.997950938392283433e+02 4.288326792131453402e+01 1.348950879882876031e+01 1.260332583291281061e+01 -9.966903441018788445e-01 3.203916927193781294e+00 -1.288296766784436498e+00 2.003681486790514832e+00 -2.315272982686018999e+00 2.696312952660784301e+00 1.812655309516086444e+00 8.522063658843005429e-01 1.669695636782286274e-01 -4.387716510883628018e-01 7.984101211037670787e-01 5.244662802372619392e-01 -2.398271383502480480e-01 2.762971525264882322e-01 2.204267433766923245e-01 1.061453240382961571e-01 -9.292724365661983454e-02
2.981348004496823467e+00 -2.820684865669376151e+01 -4.366143917107986994e+00 4.288326792131453402e+01 1.920934918991591758e+02 3.257656647702730623e+01 1.041552960761375957e+01 1.470940349183035778e+01 5.384394623986008099e+00 5.712741685453779361e+00 -2.865709242423541969e-01 2.366751060034300913e+00 1.508284261659075920e+00 1.455909360397928287e+00 2.267717864706039754e-01 -7.614680882483066959e-01 -7.825005565835913002e-01 -1.889608616113599981e-01 -1.931117035957755079e-01 6.931696298897600805e-02 1.790611088980014198e-01 6.752347880477717335e-03 1.080875264825349458e-01 -8.280225257125470653e-03
4.532216436809606108e+01 6.388599023147182976e+01 6.667478046146929849e+00 1.348950879882876031e+01 3.257656647702730623e+01 1.075044988567382660e+02 -1.035582924196464383e+01 1.352482430878194108e+01 2.939041622599996906e+00 3.985138163970196601e+00 -9.192405621590588050e-01 3.679910594835555493e+00 -5.422270087123005622e-01 8.610385146092631725e-01 -5.755010323885872969e-01 2.102335585814099628e-01 -6.071922881591548249e-01 -3.682555179525935363e-01 1.365804357054892226e-01 -3.391418243512417385e-01 -5.580556544462034890e-02 -1.208422135805390651e-01 7.035297909347652812e-02 -6.796218257554596798e-02
-3.817940241672196322e+01 -6.909668223602163373e+00 -4.060819802840804016e+01 1.260332583291281061e+01 1.041552960761375957e+01 -1.035582924196464383e+01 4.779925369729107132e+01 -3.451502638342743623e+00 9.231265549295075701e+00 1.767519457129475891e+00 1.974041991483785341e-01 9.985120782899161718e-01 -9.324466583783371787e-01 1.429419250144713605e+00 1.684355412206087754e-01 5.262161853009745816e-01 1.090844636755485819e-01 -9.891254320914585896e-02 -2.676063015541160217e-01 -1.112791342119464622e-01 7.077253804458278133e-04 1.081439403314903881e-02 -2.821871433229629703e-02 2.430988682581423227e-02
5.775350003805803567e+01 1.836923949721505878e+01 1.608114597441316462e+01 -9.966903441018788445e-01 1.470940349183035778e+01 1.352482430878194108e+01 -3.451502638342743623e+00 3.818069317607216817e+01 3.703351819152791879e+00 -2.953279718092646888e+00 -1.977089066380193882e+00 -1.412512110206224636e-01 -1.885100428908419223e+00 -5.787432690946704428e-01 -8.575108152300686681e-02 1.451776504720932726e-01 7.241410923195854173e-03 -5.981395042601119622e-02 1.827168573423158526e-01 7.396987401659779748e-02 3.574613319056475086e-02 -3.797428807288114050e-02 6.554717064710406660e-02 -5.304060981955058263e-02
3.775603796397585477e+00 1.784796977544490204e+01 -8.036548884796830272e-01 3.203916927193781294e+00 5.384394623986008099e+00 2.939041622599996906e+00 9.231265549295075701e+00 3.703351819152791879e+00 2.466383797027081215e+01 3.271142351210085231e+00 -1.916190386348125108e+00 1.297138213613062696e-01 -1.489822600194910418e+00 5.519792196766311054e-01 5.551523963420739172e-01 6.748214308046600329e-02 6.678018755801376494e-02 -1.670635356060332921e-01 1.101567953599159738e-01 1.052988664197297697e-01 1.310739180859261110e-01 -1.109336389212278728e-01 1.815745224806776525e-02 2.250539118826247811e-02
2.335332491623256068e+00 -1.176794237379561103e+01 9.166634837597554153e+00 -1.288296766784436498e+00 5.712741685453779361e+00 3.985138163970196601e+00 1.767519457129475891e+00 -2.953279718092646888e+00 3.271142351210085231e+00 9.472329841657620264e+00 -4.790239836287010222e-01 -4.158712754352045793e-01 -5.151879849645494280e-01 1.535603229287203775e-01 3.451123776559692491e-01 -9.562908119428142895e-02 1.519371895339829692e-01 -6.209586149188866394e-02 1.080153486554868841e-01 7.296850359303255762e-02 6.959287955409033943e-02 -5.370775427818578335e-02 1.926084005610497613e-02 2.810582032474913394e-02
-2.979842195569014862e+00 -1.846441423272079874e+01 2.868897015122799488e+00 2.003681486790514832e+00 -2.865709242423541969e-01 -9.192405621590588050e-01 1.974041991483785341e-01 -1.977089066380193882e+00 -1.916190386348125108e+00 -4.790239836287010222e-01 8.214703445386678737e+00 -1.037962794237573816e-01 3.844614807818508284e-01 2.726825673749812551e-01 2.969647693828159629e-01 6.472891546347611658e-02 -3.831674042313188561e-02 1.127173230987673497e-01 8.310694797888207308e-03 -8.932428809641784762e-02 4.969692871406558576e-02 -3.828382616833326136e-03 -7.173715752136752832e-03 -2.217117182962187807e-02
-4.294521864324754468e+00 3.484260802499838050e+00 1.208000127251206424e+00 -2.315272982686018999e+00 2.366751060034300913e+00 3.679910594835555493e+00 9.985120782899161718e-01 -1.412512110206224636e-01 1.297138213613062696e-01 -4.158712754352045793e-01 -1.037962794237573816e-01 3.209578794821586367e+00 8.307421502157361082e-02 3.221897295395197980e-01 -3.116958919590587795e-01 -1.405270910012051122e-01 2.680937206467815317e-02 -1.599375212625179024e-02 -1.562351158444445776e-01 -3.567744205843265126e-02 -7.147262337157590621e-03 3.342179859992128188e-02 -6.086954917235936832e-03 -1.460298283176063999e-02
-1.076895989271002918e+01 -5.494034167963302018e+00 2.777573830237198838e+00 2.696312952660784301e+00 1.508284261659075920e+00 -5.422270087123005622e-01 -9.324466583783371787e-01 -1.885100428908419223e+00 -1.489822600194910418e+00 -5.151879849645494280e-01 3.844614807818508284e-01 8.307421502157361082e-02 2.908761715288146643e+00 1.329798864670594244e-02 -6.149036403117027344e-02 -8.397988578020221251e-02 1.059956048226602110e-01 4.322216620839215706e-02 -6.978812114237273323e-02 -5.143542456565683429e-02 -1.308080018160419876e-02 5.863300616225135264e-03 7.702468262527987488e-04 1.240015645865374418e-02
-5.852238762053825205e+00 -2.756235649170779567e+00 -3.008047468108584255e+00 1.812655309516086444e+00 1.455909360397928287e+00 8.610385146092631725e-01 1.429419250144713605e+00 -5.787432690946704428e-01 5.519792196766311054e-01 1.535603229287203775e-01 2.726825673749812551e-01 3.221897295395197980e-01 1.329798864670594244e-02 1.333156933168124114e+00 -3.951219236808638235e-02 5.541169542263053860e-02 1.060596215562157989e-02 7.826774473584087455e-02 -6.615297124412418753e-03 -1.330586649489415643e-02 2.303282217806507798e-02 -7.177299842050278295e-03 3.812547047740401374e-03 9.892123025050167731e-03
-1.667888623216382538e+00 1.862025914028088369e+00 2.036082889926101203e+00 8.522063658843005429e-01 2.267717864706039754e-01 -5.755010323885872969e-01 1.684355412206087754e-01 -8.575108152300686681e-02 5.551523963420739172e-01 3.451123776559692491e-01 2.969647693828159629e-01 -3.116958919590587795e-01 -6.149036403117027344e-02 -3.951219236808638235e-02 6.349285692725328278e-01 -2.661477255059522748e-02 -4.972713801758922580e-02 1.133575402376254919e-02 1.493571967852442596e-02 1.212021185389576712e-02 9.090993386222078962e-03 2.512806045442515877e-03 -2.888540050416580837e-03 -1.984271622186488653e-03
5.488455593637771024e+00 -2.816408787901100386e+00 -2.851709153260328367e-01 1.669695636782286274e-01 -7.614680882483066959e-01 2.102335585814099628e-01 5.262161853009745816e-01 1.451776504720932726e-01 6.748214308046600329e-02 -9.562908119428142895e-02 6.472891546347611658e-02 -1.405270910012051122e-01 -8.397988578020221251e-02 5.541169542263053860e-02 -2.661477255059522748e-02 3.730602043081060470e-01 -1.898122657306312595e-03 1.934864970250611133e-02 -4.241585234499082452e-03 -8.714313165259701330e-03 -1.286673027034999917e-02 -3.033347477462185714e-03 3.784265115435241859e-03 1.411479492798548702e-03
-2.503827577915581415e+00 -6.531833323698116311e-01 -9.611634254804101163e-01 -4.387716510883628018e-01 -7.825005565835913002e-01 -6.071922881591548249e-01 1.090844636755485819e-01 7.241410923195854173e-03 6.678018755801376494e-02 1.519371895339829692e-01 -3.831674042313188561e-02 2.680937206467815317e-02 1.059956048226602110e-01 1.060596215562157989e-02 -4.972713801758922580e-02 -1.898122657306312595e-03 1.689512170273917147e-01 1.497160943080994705e-02 -1.183887845700334581e-04 1.834210075255166428e-03 -5.586796667823155059e-03 -6.572906443870816075e-04 -3.561419252383093802e-05 6.944841390145020448e-04
-2.163927089050965147e-01 2.037424842258135360e+00 8.960988679059640472e-01 7.984101211037670787e-01 -1.889608616113599981e-01 -3.682555179525935363e-01 -9.891254320914585896e-02 -5.981395042601119622e-02 -1.670635356060332921e-01 -6.209586149188866394e-02 1.127173230987673497e-01 -1.599375212625179024e-02 4.322216620839215706e-02 7.826774473584087455e-02 1.133575402376254919e-02 1.934864970250611133e-02 1.497160943080994705e-02 7.899226846769660804e-02 -1.060131352103234120e-03 5.362536437928670970e-03 -1.541952872070688745e-04 3.990774247733161993e-03 3.188376510457729181e-03 -6.952613819420313569e-04
3.939583902097956170e-01 7.372598266757192098e-01 4.803572016931313415e-01 5.244662802372619392e-01 -1.931117035957755079e-01 1.365804357054892226e-01 -2.676063015541160217e-01 1.827168573423158526e-01 1.101567953599159738e-01 1.080153486554868841e-01 8.310694797888207308e-03 -1.562351158444445776e-01 -6.978812114237273323e-02 -6.615297124412418753e-03 1.493571967852442596e-02 -4.241585234499082452e-03 -1.183887845700334581e-04 -1.060131352103234120e-03 5.474335892914033996e-02 6.241110979700596056e-03 9.316802369771781667e-04 -1.749918963611385610e-03 1.865734076801684339e-03 -1.122683737601977080e-03
-1.517102237581474389e-01 1.113932527839639891e-01 4.906967420524577239e-01 -2.398271383502480480e-01 6.931696298897600805e-02 -3.391418243512417385e-01 -1.112791342119464622e-01 7.396987401659779748e-02 1.052988664197297697e-01 7.296850359303255762e-02 -8.932428809641784762e-02 -3.567744205843265126e-02 -5.143542456565683429e-02 -1.330586649489415643e-02 1.212021185389576712e-02 -8.714313165259701330e-03 1.834210075255166428e-03 5.362536437928670970e-03 6.241110979700596056e-03 3.472066277824589764e-02 7.498485062912818230e-03 -2.782912426656680271e-03 -1.878744077484765412e-04 -3.885421438956914450e-04
1.520972069552859685e+00 -4.449006791681260897e-01 4.613905246324362386e-01 2.762971525264882322e-01 1.790611088980014198e-01 -5.580556544462034890e-02 7.077253804458278133e-04 3.574613319056475086e-02 1.310739180859261110e-01 6.959287955409033943e-02 4.969692871406558576e-02 -7.147262337157590621e-03 -1.308080018160419876e-02 2.303282217806507798e-02 9.090993386222078962e-03 -1.286673027034999917e-02 -5.586796667823155059e-03 -1.541952872070688745e-04 9.316802369771781667e-04 7.498485062912818230e-03 1.843611973562828826e-02 -1.700827372266292253e-03 5.640579733764406172e-04 -7.348549775205485100e-04
-9.497183183247574767e-02 5.876561758018631343e-01 5.792102886821071800e-02 2.204267433766923245e-01 6.752347880477717335e-03 -1.208422135805390651e-01 1.081439403314903881e-02 -3.797428807288114050e-02 -1.109336389212278728e-01 -5.370775427818578335e-02 -3.828382616833326136e-03 3.342179859992128188e-02 5.863300616225135264e-03 -7.177299842050278295e-03 2.512806045442515877e-03 -3.033347477462185714e-03 -6.572906443870816075e-04 3.990774247733161993e-03 -1.749918963611385610e-03 -2.782912426656680271e-03 -1.700827372266292253e-03 1.054763287306098758e-02 1.933668253470115705e-03 3.285946424529443376e-04
2.937497909129259573e-03 4.652340586598425198e-01 1.663567353766257639e-01 1.061453240382961571e-01 1.080875264825349458e-01 7.035297909347652812e-02 -2.821871433229629703e-02 6.554717064710406660e-02 1.815745224806776525e-02 1.926084005610497613e-02 -7.173715752136752832e-03 -6.086954917235936832e-03 7.702468262527987488e-04 3.812547047740401374e-03 -2.888540050416580837e-03 3.784265115435241859e-03 -3.561419252383093802e-05 3.188376510457729181e-03 1.865734076801684339e-03 -1.878744077484765412e-04 5.640579733764406172e-04 1.933668253470115705e-03 4.947760908591775433e-03 7.337418899603899902e-04
-3.377038237517482333e-01 -4.082423801124009377e-01 -3.163522020639075727e-02 -9.292724365661983454e-02 -8.280225257125470653e-03 -6.796218257554596798e-02 2.430988682581423227e-02 -5.304060981955058263e-02 2.250539118826247811e-02 2.810582032474913394e-02 -2.217117182962187807e-02 -1.460298283176063999e-02 1.240015645865374418e-02 9.892123025050167731e-03 -1.984271622186488653e-03 1.411479492798548702e-03 6.944841390145020448e-04 -6.952613819420313569e-04 -1.122683737601977080e-03 -3.885421438956914450e-04 -7.348549775205485100e-04 3.285946424529443376e-04 7.337418899603899902e-04 3.718779449644243028e-03
