1.460209982506230335e+04 -3.334844131650515919e+02 8.779919818157417239e+02 -4.837637591675382396e+02 -3.425774687744671496e+02 -4.263688301299330305e+02 2.719939506949035604e+02 -2.270449018673149624e+02 -2.144713565591464430e+02 3.302270092180874883e+01 1.719651122800770082e+01 2.881448135371386599e+01 5.361244627003910246e+00 -1.061583560981827290e+01 1.785967258069724295e+01 -2.320400797408207083e+01 4.035560278637240650e+00 1.034807666071437371e+00 -4.001900539681652269e+00 3.714626195459353575e+00 1.979648784217773461e+00 -3.697850062693358364e+00 -1.930121329731572466e+00 -5.114649862897518773e+00
-3.334844131650515919e+02 7.802601833843714303e+03 7.233565006989589392e+02 -3.716005147783484830e+01 -5.858999696763537486e+02 1.844198602494830936e+02 -1.023922832583004316e+00 -5.563987328494961559e+01 1.945670724750083878e+02 -6.987535856745580531e+01 -2.673308135028860377e+01 -5.252154064931844601e+01 -4.956651338762672054e+01 -4.185589171508262707e-01 2.459558214888188932e+00 2.209992204339963795e+00 -3.471477266184839650e+00 3.375757754117727494e+00 3.651053092671620259e+00 6.835558648573328844e-01 1.347351337649391467e-01 2.941513481074296887e+00 5.742124704965435589e-01 3.590127740935508349e+00
8.779919818157417239e+02 7.233565006989589392e+02 5.239065325686890901e+03 -5.837794591037852570e+02 3.151738781270243805e+01 1.340393084265324433e+02 3.125674182608964884e+02 1.319000391368455496e+02 1.520857531577235022e+02 7.288624378219148525e+01 1.331477617356693699e+01 2.384197770018555573e+01 -3.160232384677168493e+00 -1.876042952981489265e+00 -8.216858301710113111e+00 2.845887269804586950e+00 9.700664250267131417e-01 -5.467352821067263058e+00 -6.238136186969785335e+00 1.315750975227111708e+00 1.948645653056015448e+00 2.515305830154627387e+00 8.352193719842491149e-01 1.567747175685869632e+00
-4.837637591675382396e+02 -3.716005147783484830e+01 -5.837794591037852570e+02 3.311970524158885382e+03 3.411468066376206707e+02 -3.878078709046564398e+01 -2.162427219415762636e+02 -3.315486984548448390e+01 -5.542597072687679827e+01 -5.731301676142377488e+01 5.232538159762054875e+01 3.268972092333029877e+01 1.006309701244401467e+01 -2.144255238307609801e+01 -1.480521942747460606e+01 1.784655431763999267e-01 2.194691446510999011e+00 -1.670709773336550130e+00 -1.759811204545070673e+00 -2.378028794500757659e+00 6.157791381076992421e-01 2.648308971721180072e+00 -2.011135886902838954e-01 -1.428537369483237729e+00
-3.425774687744671496e+02 -5.858999696763537486e+02 3.151738781270243805e+01 3.411468066376206707e+02 1.125795061868498351e+03 -3.609560832441833611e+01 7.543539933884697746e+01 1.273157094622317231e+01 -6.159578601793079144e+00 5.298133121953990354e+01 2.459174890858669471e+00 1.712987149358242434e+01 1.618429054012179291e+00 3.985918178758160568e+00 1.871974025332325819e+00 2.717784635851334230e+00 4.193224264638733878e+00 -1.111930551143519130e+00 2.938462465382576827e+00 8.161751064179935122e-01 3.982898134534942902e-01 4.704261295182873837e-01 -4.103498403163196029e-01 -1.156019242203345732e+00
-4.263688301299330305e+02 1.844198602494830936e+02 1.340393084265324433e+02 -3.878078709046564398e+01 -3.609560832441833611e+01 7.686383716265227122e+02 -9.507416264721567245e+01 -9.275742177629581420e+01 -2.335554587300335783e+01 -1.810898646511832055e+01 -1.276386724075348233e+01 -6.867860620073613198e+00 2.020875430248378990e+01 -7.596353751803064380e-01 2.546290385518569899e+00 -5.408292152728665370e-01 -2.502960070547718630e+00 -2.122241559833559332e+00 1.621955969134786013e+00 6.349898327432670353e-01 3.755545756468182117e-01 1.718014842305716772e-01 -2.188699041807058016e-02 2.258617516546699566e-01
2.719939506949035604e+02 -1.023922832583004316e+00 3.125674182608964884e+02 -2.162427219415762636e+02 7.543539933884697746e+01 -9.507416264721567245e+01 4.761627218509451609e+02 3.876351767345014565e+01 4.196252872626772756e+01 1.194552722383791199e+01 1.349850818231763050e+01 6.802030675838220297e+00 -7.597953694399937952e+00 -2.306189886291630242e-01 1.150035135032551725e+00 -3.235572160159168043e+00 -9.682061272005504371e-01 -2.091127701121718196e+00 6.731954177133937511e-01 1.073308842323339451e-01 -1.725493974401883512e-01 -2.582851225699128173e-01 -5.625778927129437834e-01 -4.036406298522091096e-01
-2.270449018673149624e+02 -5.563987328494961559e+01 1.319000391368455496e+02 -3.315486984548448390e+01 1.273157094622317231e+01 -9.275742177629581420e+01 3.876351767345014565e+01 1.973585625436810744e+02 1.997500666549524340e+01 1.100055764782543832e+01 5.511576473843600610e+00 3.703838886771010142e+00 1.630621922094511733e+00 -2.407665220802428951e+00 1.358287009551068181e+00 -1.344765253539696115e+00 2.635563957698045523e-01 9.421245387737745558e-01 -1.152833661588520631e+00 1.973274220440715543e-01 -8.151286548910176011e-01 2.737811297741535865e-01 -5.718775157947439403e-02 -2.074315140348288178e-01
-2.144713565591464430e+02 1.945670724750083878e+02 1.520857531577235022e+02 -5.542597072687679827e+01 -6.159578601793079144e+00 -2.335554587300335783e+01 4.196252872626772756e+01 1.997500666549524340e+01 1.042266268142019072e+02 8.403444103291267453e+00 -1.040721737659604429e+01 -1.019506060315903406e+00 -3.211856786176412459e+00 -2.106878965382704028e+00 -1.724708069241297714e+00 -4.032225054446862411e-01 8.900925325139421584e-01 8.275900281347916554e-01 4.574247762641389659e-01 -4.407712414435417669e-02 -7.569853051358822749e-02 2.418375036686325752e-01 -1.919447022506176326e-01 1.909008861490332776e-01
3.302270092180874883e+01 -6.987535856745580531e+01 7.288624378219148525e+01 -5.731301676142377488e+01 5.298133121953990354e+01 -1.810898646511832055e+01 1.194552722383791199e+01 1.100055764782543832e+01 8.403444103291267453e+00 4.302665892192565167e+01 -2.316358333641405309e+00 1.775063420384747737e+00 -1.091430843232973569e+00 9.288602281324003229e-01 2.309090675154251038e+00 -6.968237069667113648e-01 8.056658389359069306e-01 -1.525522504441007288e-01 -2.332672516631874651e-02 1.039315891330025721e-01 1.404960939652047380e-01 -5.914299597007163095e-02 1.381131967150411310e-01 -5.690368264501935447e-02
1.719651122800770082e+01 -2.673308135028860377e+01 1.331477617356693699e+01 5.232538159762054875e+01 2.459174890858669471e+00 -1.276386724075348233e+01 1.349850818231763050e+01 5.511576473843600610e+00 -1.040721737659604429e+01 -2.316358333641405309e+00 2.933077936894326498e+01 5.081090159116005367e+00 8.517751464063053612e-01 -4.736184364206542652e-01 -6.185187198782967632e-01 -1.158465585951899551e-01 4.556094511302802852e-01 1.348399094184185298e-01 -2.189082923956583646e-02 -1.168821216829355331e-01 -1.190197369419212503e-01 -1.832946357214832733e-01 5.648078747401097388e-02 1.040823008445702913e-01
2.881448135371386599e+01 -5.252154064931844601e+01 2.384197770018555573e+01 3.268972092333029877e+01 1.712987149358242434e+01 -6.867860620073613198e+00 6.802030675838220297e+00 3.703838886771010142e+00 -1.019506060315903406e+00 1.775063420384747737e+00 5.081090159116005367e+00 8.680748897459270808e+00 4.603131485167920034e-01 2.137188148807704913e-01 6.120595947791264146e-01 1.443731699816665770e-01 2.160172442554481043e-01 -2.412297056664350070e-01 -1.014938033584130428e-01 9.529117910635787059e-02 4.740924803832104184e-02 -2.250917685880057112e-02 -3.777767872476725519e-02 -6.264119085996200376e-02
5.361244627003910246e+00 -4.956651338762672054e+01 -3.160232384677168493e+00 1.006309701244401467e+01 1.618429054012179291e+00 2.020875430248378990e+01 -7.597953694399937952e+00 1.630621922094511733e+00 -3.211856786176412459e+00 -1.091430843232973569e+00 8.517751464063053612e-01 4.603131485167920034e-01 7.011417035615541415e+00 -1.223834555530904700e+00 5.551043933000832098e-01 1.579854193829784703e-01 -1.928414871314633461e-01 1.001220750248532354e-01 -3.299756982225949403e-02 5.508236484146412232e-02 -6.226578326454773604e-02 -3.701378200395179230e-02 -6.375693149425368245e-02 -1.595384080584070271e-03
-1.061583560981827290e+01 -4.185589171508262707e-01 -1.876042952981489265e+00 -2.144255238307609801e+01 3.985918178758160568e+00 -7.596353751803064380e-01 -2.306189886291630242e-01 -2.407665220802428951e+00 -2.106878965382704028e+00 9.288602281324003229e-01 -4.736184364206542652e-01 2.137188148807704913e-01 -1.223834555530904700e+00 2.792593414895260917e+00 -3.473551522321270957e-01 3.397407375641446348e-01 3.612788858546202297e-02 -1.011755194914108896e-01 1.058939988836269941e-01 1.129096225983952650e-01 2.689489257713724782e-02 -4.293527742443384310e-02 2.964211815345108719e-02 1.055650205604637994e-02
1.785967258069724295e+01 2.459558214888188932e+00 -8.216858301710113111e+00 -1.480521942747460606e+01 1.871974025332325819e+00 2.546290385518569899e+00 1.150035135032551725e+00 1.358287009551068181e+00 -1.724708069241297714e+00 2.309090675154251038e+00 -6.185187198782967632e-01 6.120595947791264146e-01 5.551043933000832098e-01 -3.473551522321270957e-01 2.808284977961329254e+00 -9.237954720976859768e-02 3.874180621099840294e-02 -5.534079206731359890e-02 2.752782685258078899e-02 5.489491580403786652e-02 -5.235038817188804317e-02 -5.178689890941752874e-03 3.851911316936846436e-02 4.801135894852393352e-03
-2.320400797408207083e+01 2.209992204339963795e+00 2.845887269804586950e+00 1.784655431763999267e-01 2.717784635851334230e+00 -5.408292152728665370e-01 -3.235572160159168043e+00 -1.344765253539696115e+00 -4.032225054446862411e-01 -6.968237069667113648e-01 -1.158465585951899551e-01 1.443731699816665770e-01 1.579854193829784703e-01 3.397407375641446348e-01 -9.237954720976859768e-02 7.620916950641325460e-01 -1.316575551470195934e-02 -4.829677344505478934e-03 -2.669879516534895067e-02 4.272773813970205670e-02 1.476558586737824856e-02 2.204167346446611608e-02 1.297469549111233793e-02 2.690958506470864445e-02
4.035560278637240650e+00 -3.471477266184839650e+00 9.700664250267131417e-01 2.194691446510999011e+00 4.193224264638733878e+00 -2.502960070547718630e+00 -9.682061272005504371e-01 2.635563957698045523e-01 8.900925325139421584e-01 8.056658389359069306e-01 4.556094511302802852e-01 2.160172442554481043e-01 -1.928414871314633461e-01 3.612788858546202297e-02 3.874180621099840294e-02 -1.316575551470195934e-02 4.830222745447768085e-01 3.132295940570341969e-02 3.459230281053321879e-03 2.538945893163498807e-02 -1.508298973161022877e-02 1.506879957575696372e-02 9.845240410825342389e-03 1.020793361475300261e-02
1.034807666071437371e+00 3.375757754117727494e+00 -5.467352821067263058e+00 -1.670709773336550130e+00 -1.111930551143519130e+00 -2.122241559833559332e+00 -2.091127701121718196e+00 9.421245387737745558e-01 8.275900281347916554e-01 -1.525522504441007288e-01 1.348399094184185298e-01 -2.412297056664350070e-01 1.001220750248532354e-01 -1.011755194914108896e-01 -5.534079206731359890e-02 -4.829677344505478934e-03 3.132295940570341969e-02 2.561633618194260609e-01 -8.451600035525204391e-03 1.664607418581498695e-03 -1.670233220858003201e-02 -1.534460889169453855e-02 -9.748778046199285327e-03 6.175700807050606145e-03
-4.001900539681652269e+00 3.651053092671620259e+00 -6.238136186969785335e+00 -1.759811204545070673e+00 2.938462465382576827e+00 1.621955969134786013e+00 6.731954177133937511e-01 -1.152833661588520631e+00 4.574247762641389659e-01 -2.332672516631874651e-02 -2.189082923956583646e-02 -1.014938033584130428e-01 -3.299756982225949403e-02 1.058939988836269941e-01 2.752782685258078899e-02 -2.669879516534895067e-02 3.459230281053321879e-03 -8.451600035525204391e-03 1.731212086039144726e-01 3.083449351896270715e-02 -3.322835372845718820e-03 4.240751955252834368e-03 4.702720340655326507e-03 4.341385432689952133e-03
3.714626195459353575e+00 6.835558648573328844e-01 1.315750975227111708e+00 -2.378028794500757659e+00 8.161751064179935122e-01 6.349898327432670353e-01 1.073308842323339451e-01 1.973274220440715543e-01 -4.407712414435417669e-02 1.039315891330025721e-01 -1.168821216829355331e-01 9.529117910635787059e-02 5.508236484146412232e-02 1.129096225983952650e-01 5.489491580403786652e-02 4.272773813970205670e-02 2.538945893163498807e-02 1.664607418581498695e-03 3.083449351896270715e-02 7.300234722069968984e-02 -3.256115376689920214e-04 4.735789898364855394e-03 7.910774155462825530e-03 4.543696418268093618e-03
1.979648784217773461e+00 1.347351337649391467e-01 1.948645653056015448e+00 6.157791381076992421e-01 3.982898134534942902e-01 3.755545756468182117e-01 -1.725493974401883512e-01 -8.151286548910176011e-01 -7.569853051358822749e-02 1.404960939652047380e-01 -1.190197369419212503e-01 4.740924803832104184e-02 -6.226578326454773604e-02 2.689489257713724782e-02 -5.235038817188804317e-02 1.476558586737824856e-02 -1.508298973161022877e-02 -1.670233220858003201e-02 -3.322835372845718820e-03 -3.256115376689920214e-04 3.400297462724892472e-02 3.169368909978168979e-04 3.077879620792727498e-03 -1.846950381961027675e-03
-3.697850062693358364e+00 2.941513481074296887e+00 2.515305830154627387e+00 2.648308971721180072e+00 4.704261295182873837e-01 1.718014842305716772e-01 -2.582851225699128173e-01 2.737811297741535865e-01 2.418375036686325752e-01 -5.914299597007163095e-02 -1.832946357214832733e-01 -2.250917685880057112e-02 -3.701378200395179230e-02 -4.293527742443384310e-02 -5.178689890941752874e-03 2.204167346446611608e-02 1.506879957575696372e-02 -1.534460889169453855e-02 4.240751955252834368e-03 4.735789898364855394e-03 3.169368909978168979e-04 3.420383438971601880e-02 9.619507227207543809e-03 5.967362510422452929e-03
-1.930121329731572466e+00 5.742124704965435589e-01 8.352193719842491149e-01 -2.011135886902838954e-01 -4.103498403163196029e-01 -2.188699041807058016e-02 -5.625778927129437834e-01 -5.718775157947439403e-02 -1.919447022506176326e-01 1.381131967150411310e-01 5.648078747401097388e-02 -3.777767872476725519e-02 -6.375693149425368245e-02 2.964211815345108719e-02 3.851911316936846436e-02 1.297469549111233793e-02 9.845240410825342389e-03 -9.748778046199285327e-03 4.702720340655326507e-03 7.910774155462825530e-03 3.077879620792727498e-03 9.619507227207543809e-03 2.015784869186041176e-02 9.814197220879668920e-03
-5.114649862897518773e+00 3.590127740935508349e+00 1.567747175685869632e+00 -1.428537369483237729e+00 -1.156019242203345732e+00 2.258617516546699566e-01 -4.036406298522091096e-01 -2.074315140348288178e-01 1.909008861490332776e-01 -5.690368264501935447e-02 1.040823008445702913e-01 -6.264119085996200376e-02 -1.595384080584070271e-03 1.055650205604637994e-02 4.801135894852393352e-03 2.690958506470864445e-02 1.020793361475300261e-02 6.175700807050606145e-03 4.341385432689952133e-03 4.543696418268093618e-03 -1.846950381961027675e-03 5.967362510422452929e-03 9.814197220879668920e-03 2.015159314046404207e-02
