1.248396258869593294e+04 -2.857017119079377494e+02 7.497211986285708463e+02 -4.145452555165948070e+02 -2.939240246520150208e+02 -3.653119324858661798e+02 2.317723711246498510e+02 -1.947848263831720033e+02 -1.838805274344707072e+02 2.777502181883357224e+01 1.444136711798400263e+01 2.443680572861209299e+01 4.407658505597340515e+00 -9.188847328205312692e+00 1.520384061632760186e+01 -1.988842505246465109e+01 3.420349962680254929e+00 8.651687721263964237e-01 -3.429715692072883293e+00 3.166179157437657210e+00 1.688335529582141170e+00 -3.165584630013552392e+00 -1.652038496124728972e+00 -4.375894675630815023e+00
-2.857017119079377494e+02 6.674727125371387046e+03 6.183614730355227493e+02 -2.888646599279025295e+01 -4.997157417577421938e+02 1.583764678720610277e+02 1.269607867009925894e-01 -4.708560063593250788e+01 1.670450696076300119e+02 -5.936426223681662151e+01 -2.229025754596322528e+01 -4.461834601932230271e+01 -4.218120814081687797e+01 -2.213624767566122475e-01 2.174236863078243598e+00 1.954984578085135594e+00 -2.938615441762559399e+00 2.918594568759101726e+00 3.134913620372504539e+00 5.947846972807441235e-01 1.270631510116606577e-01 2.521267060886989597e+00 4.964623674288660693e-01 3.073043549608897251e+00
7.497211986285708463e+02 6.183614730355227493e+02 4.478379910042351185e+03 -4.995942720512099413e+02 2.627685574501472487e+01 1.138327282225524186e+02 2.666073925382569882e+02 1.121738730343952710e+02 1.296128624227595481e+02 6.192461954662966406e+01 1.122088226760977747e+01 2.023319171700624608e+01 -2.851009898949383725e+00 -1.696227178984546891e+00 -7.073907721883831989e+00 2.394969777661810628e+00 8.043313287233178066e-01 -4.688896082774083318e+00 -5.339405687526864064e+00 1.117144184341864577e+00 1.662945847505420849e+00 2.147275104636534593e+00 7.132618890820017210e-01 1.338214428241272902e+00
-4.145452555165948070e+02 -2.888646599279025295e+01 -4.995942720512099413e+02 2.834089938992466614e+03 2.925705400570336110e+02 -3.274980677135786067e+01 -1.841895977184119317e+02 -2.809837663188177004e+01 -4.689770324018870440e+01 -4.878219997668078634e+01 4.518583575167016875e+01 2.815920668138184269e+01 8.733533977876980714e+00 -1.824007276785305365e+01 -1.260692070397350406e+01 1.965473387821972118e-01 1.895053158610336519e+00 -1.404347087595034793e+00 -1.494025192867470375e+00 -2.026347100150525549e+00 5.357196738513150258e-01 2.268733970010220258e+00 -1.674635000325732093e-01 -1.219006099339527749e+00
-2.939240246520150208e+02 -4.997157417577421938e+02 2.627685574501472487e+01 2.925705400570336110e+02 9.626453752827677590e+02 -3.099633081567306192e+01 6.448371396874586026e+01 1.073234695661868798e+01 -5.231043825636775502e+00 4.522306975923661554e+01 2.226807997183183119e+00 1.467177953440252303e+01 1.374668450100489103e+00 3.409196018308581877e+00 1.599610422735927795e+00 2.327427838178216302e+00 3.582322554884884269e+00 -9.460090620173727816e-01 2.514290012894993875e+00 6.973955219667223870e-01 3.432701882610100230e-01 4.028725516040715937e-01 -3.491540052733318467e-01 -9.882417173954100020e-01
-3.653119324858661798e+02 1.583764678720610277e+02 1.138327282225524186e+02 -3.274980677135786067e+01 -3.099633081567306192e+01 6.569373486288473032e+02 -8.144312400427995158e+01 -7.954791076224194057e+01 -2.005722528081650324e+01 -1.562683750194791088e+01 -1.087576932907174765e+01 -5.894596837783077525e+00 1.723944896201324539e+01 -6.713339219711649264e-01 2.165542533750887788e+00 -4.703690869609548630e-01 -2.148399601196666175e+00 -1.814801801225253364e+00 1.386542205601083433e+00 5.405033450874285883e-01 3.219433743851887741e-01 1.462655668858716118e-01 -1.805145635071151236e-02 1.925904570495400869e-01
2.317723711246498510e+02 1.269607867009925894e-01 2.666073925382569882e+02 -1.841895977184119317e+02 6.448371396874586026e+01 -8.144312400427995158e+01 4.070960692642238428e+02 3.298701531752816152e+01 3.588528282662741020e+01 1.012654422691492861e+01 1.163422495723293082e+01 5.828208262744174029e+00 -6.512592557747030497e+00 -2.012827412655546766e-01 9.800058837084770769e-01 -2.765951787331925704e+00 -8.318905163560926797e-01 -1.785011573986404976e+00 5.767037356793336400e-01 9.081624611984302764e-02 -1.453836233775544495e-01 -2.205649864195423915e-01 -4.797392858779947478e-01 -3.451967010317852913e-01
-1.947848263831720033e+02 -4.708560063593250788e+01 1.121738730343952710e+02 -2.809837663188177004e+01 1.073234695661868798e+01 -7.954791076224194057e+01 3.298701531752816152e+01 1.685288997059693372e+02 1.699160951212683557e+01 9.278431587407620640e+00 4.723754969824877747e+00 3.141071426581661719e+00 1.353927513994379161e+00 -2.079836001057755013e+00 1.149601653009364677e+00 -1.157492595016176962e+00 2.177833600665755043e-01 8.038938347200276224e-01 -9.862107329435264580e-01 1.665754712060512344e-01 -6.964556712321554599e-01 2.335756004781729955e-01 -4.841815597122559045e-02 -1.778882639569463464e-01
-1.838805274344707072e+02 1.670450696076300119e+02 1.296128624227595481e+02 -4.689770324018870440e+01 -5.231043825636775502e+00 -2.005722528081650324e+01 3.588528282662741020e+01 1.699160951212683557e+01 8.913541358618638810e+01 7.144426421875787803e+00 -8.825716624330798510e+00 -8.563677293955520575e-01 -2.750827526933590672e+00 -1.800025470831277952e+00 -1.474506661725850654e+00 -3.427107820218563972e-01 7.594255803293548102e-01 7.102255198025467786e-01 3.922701611204426064e-01 -3.797297401979905784e-02 -6.308599205158098300e-02 2.071065980980384968e-01 -1.631841137247746765e-01 1.632643967262616402e-01
2.777502181883357224e+01 -5.936426223681662151e+01 6.192461954662966406e+01 -4.878219997668078634e+01 4.522306975923661554e+01 -1.562683750194791088e+01 1.012654422691492861e+01 9.278431587407620640e+00 7.144426421875787803e+00 3.671248153220513899e+01 -1.961900508968352774e+00 1.506075950832487242e+00 -9.552351207497845609e-01 7.826462614778694205e-01 1.967687159910074035e+00 -5.997277073330932184e-01 6.845104647518619467e-01 -1.306848752198389862e-01 -2.010953223802055406e-02 8.762301313496533017e-02 1.206710216723677342e-01 -5.078633551144146746e-02 1.184964198287419279e-01 -4.893083707639189067e-02
1.444136711798400263e+01 -2.229025754596322528e+01 1.122088226760977747e+01 4.518583575167016875e+01 2.226807997183183119e+00 -1.087576932907174765e+01 1.163422495723293082e+01 4.723754969824877747e+00 -8.825716624330798510e+00 -1.961900508968352774e+00 2.515930194676974452e+01 4.377286725301373416e+00 7.446011653682802489e-01 -3.920516335563454247e-01 -5.219216154406445263e-01 -9.241985363267878062e-02 3.916122050184914771e-01 1.192793954832404718e-01 -1.704493517172680009e-02 -9.911510344209822909e-02 -1.000438601993795251e-01 -1.560037197747756177e-01 4.917256476852454455e-02 8.933551358989506863e-02
2.443680572861209299e+01 -4.461834601932230271e+01 2.023319171700624608e+01 2.815920668138184269e+01 1.467177953440252303e+01 -5.894596837783077525e+00 5.828208262744174029e+00 3.141071426581661719e+00 -8.563677293955520575e-01 1.506075950832487242e+00 4.377286725301373416e+00 7.430943015881860347e+00 3.938898256236398332e-01 1.845660826859650272e-01 5.241312810217585438e-01 1.247869736028313498e-01 1.843954765200907508e-01 -2.049322283697398994e-01 -8.621428863580088420e-02 8.146731156165809562e-02 4.125978529686117474e-02 -1.905357253951518726e-02 -3.189017667453475369e-02 -5.350504961154078920e-02
4.407658505597340515e+00 -4.218120814081687797e+01 -2.851009898949383725e+00 8.733533977876980714e+00 1.374668450100489103e+00 1.723944896201324539e+01 -6.512592557747030497e+00 1.353927513994379161e+00 -2.750827526933590672e+00 -9.552351207497845609e-01 7.446011653682802489e-01 3.938898256236398332e-01 5.989868309285212078e+00 -1.048398428290965523e+00 4.734853087990713583e-01 1.346435704554376778e-01 -1.660386415514966685e-01 8.599869213499941600e-02 -2.803148764966406983e-02 4.679518187184655148e-02 -5.284514703692896193e-02 -3.162374761285188102e-02 -5.426325276700524891e-02 -1.401850767824794905e-03
-9.188847328205312692e+00 -2.213624767566122475e-01 -1.696227178984546891e+00 -1.824007276785305365e+01 3.409196018308581877e+00 -6.713339219711649264e-01 -2.012827412655546766e-01 -2.079836001057755013e+00 -1.800025470831277952e+00 7.826462614778694205e-01 -3.920516335563454247e-01 1.845660826859650272e-01 -1.048398428290965523e+00 2.387256356811541025e+00 -2.973482231789238428e-01 2.905630207998500247e-01 3.036987522062055758e-02 -8.605637233343815806e-02 9.071485326706343888e-02 9.641501135097596542e-02 2.329832270646528883e-02 -3.666326546128496899e-02 2.552302456600416200e-02 9.015555118139551710e-03
1.520384061632760186e+01 2.174236863078243598e+00 -7.073907721883831989e+00 -1.260692070397350406e+01 1.599610422735927795e+00 2.165542533750887788e+00 9.800058837084770769e-01 1.149601653009364677e+00 -1.474506661725850654e+00 1.967687159910074035e+00 -5.219216154406445263e-01 5.241312810217585438e-01 4.734853087990713583e-01 -2.973482231789238428e-01 2.400854541933641340e+00 -7.897884469468344215e-02 3.280906829456411988e-02 -4.711183587068819983e-02 2.361181292208274982e-02 4.686068610448004823e-02 -4.459685109870457909e-02 -4.402062458914831472e-03 3.303218340277214865e-02 4.098214833877475947e-03
-1.988842505246465109e+01 1.954984578085135594e+00 2.394969777661810628e+00 1.965473387821972118e-01 2.327427838178216302e+00 -4.703690869609548630e-01 -2.765951787331925704e+00 -1.157492595016176962e+00 -3.427107820218563972e-01 -5.997277073330932184e-01 -9.241985363267878062e-02 1.247869736028313498e-01 1.346435704554376778e-01 2.905630207998500247e-01 -7.897884469468344215e-02 6.517851794882428829e-01 -1.140343221592014789e-02 -3.874596665064393430e-03 -2.272779048756968373e-02 3.650234327642921245e-02 1.277500901145740483e-02 1.887971729651462260e-02 1.117982916342124752e-02 2.301278674117126360e-02
3.420349962680254929e+00 -2.938615441762559399e+00 8.043313287233178066e-01 1.895053158610336519e+00 3.582322554884884269e+00 -2.148399601196666175e+00 -8.318905163560926797e-01 2.177833600665755043e-01 7.594255803293548102e-01 6.845104647518619467e-01 3.916122050184914771e-01 1.843954765200907508e-01 -1.660386415514966685e-01 3.036987522062055758e-02 3.280906829456411988e-02 -1.140343221592014789e-02 4.127680544245250216e-01 2.680923718348908816e-02 2.969977291858978338e-03 2.164621214969114291e-02 -1.284370196950256060e-02 1.288285396028957669e-02 8.453267793315882156e-03 8.716923549415986350e-03
8.651687721263964237e-01 2.918594568759101726e+00 -4.688896082774083318e+00 -1.404347087595034793e+00 -9.460090620173727816e-01 -1.814801801225253364e+00 -1.785011573986404976e+00 8.038938347200276224e-01 7.102255198025467786e-01 -1.306848752198389862e-01 1.192793954832404718e-01 -2.049322283697398994e-01 8.599869213499941600e-02 -8.605637233343815806e-02 -4.711183587068819983e-02 -3.874596665064393430e-03 2.680923718348908816e-02 2.192006534843391474e-01 -7.148384979507141010e-03 1.444053353413248149e-03 -1.419023357689916040e-02 -1.308948400173644104e-02 -8.287183695770018038e-03 5.292317080277283460e-03
-3.429715692072883293e+00 3.134913620372504539e+00 -5.339405687526864064e+00 -1.494025192867470375e+00 2.514290012894993875e+00 1.386542205601083433e+00 5.767037356793336400e-01 -9.862107329435264580e-01 3.922701611204426064e-01 -2.010953223802055406e-02 -1.704493517172680009e-02 -8.621428863580088420e-02 -2.803148764966406983e-02 9.071485326706343888e-02 2.361181292208274982e-02 -2.272779048756968373e-02 2.969977291858978338e-03 -7.148384979507141010e-03 1.480547832452004664e-01 2.637143625215976686e-02 -2.803564804316512407e-03 3.638986974392575176e-03 4.040263950815504122e-03 3.717169138739454589e-03
3.166179157437657210e+00 5.947846972807441235e-01 1.117144184341864577e+00 -2.026347100150525549e+00 6.973955219667223870e-01 5.405033450874285883e-01 9.081624611984302764e-02 1.665754712060512344e-01 -3.797297401979905784e-02 8.762301313496533017e-02 -9.911510344209822909e-02 8.146731156165809562e-02 4.679518187184655148e-02 9.641501135097596542e-02 4.686068610448004823e-02 3.650234327642921245e-02 2.164621214969114291e-02 1.444053353413248149e-03 2.637143625215976686e-02 6.240160111408795535e-02 -2.572034926995290269e-04 4.050047250340012804e-03 6.777004832518621416e-03 3.882406574899207805e-03
1.688335529582141170e+00 1.270631510116606577e-01 1.662945847505420849e+00 5.357196738513150258e-01 3.432701882610100230e-01 3.219433743851887741e-01 -1.453836233775544495e-01 -6.964556712321554599e-01 -6.308599205158098300e-02 1.206710216723677342e-01 -1.000438601993795251e-01 4.125978529686117474e-02 -5.284514703692896193e-02 2.329832270646528883e-02 -4.459685109870457909e-02 1.277500901145740483e-02 -1.284370196950256060e-02 -1.419023357689916040e-02 -2.803564804316512407e-03 -2.572034926995290269e-04 2.910953363524348275e-02 2.857865559888508834e-04 2.650186808554016830e-03 -1.571360439432718456e-03
-3.165584630013552392e+00 2.521267060886989597e+00 2.147275104636534593e+00 2.268733970010220258e+00 4.028725516040715937e-01 1.462655668858716118e-01 -2.205649864195423915e-01 2.335756004781729955e-01 2.071065980980384968e-01 -5.078633551144146746e-02 -1.560037197747756177e-01 -1.905357253951518726e-02 -3.162374761285188102e-02 -3.666326546128496899e-02 -4.402062458914831472e-03 1.887971729651462260e-02 1.288285396028957669e-02 -1.308948400173644104e-02 3.638986974392575176e-03 4.050047250340012804e-03 2.857865559888508834e-04 2.924927064132429311e-02 8.233680678122358779e-03 5.103905586443775212e-03
-1.652038496124728972e+00 4.964623674288660693e-01 7.132618890820017210e-01 -1.674635000325732093e-01 -3.491540052733318467e-01 -1.805145635071151236e-02 -4.797392858779947478e-01 -4.841815597122559045e-02 -1.631841137247746765e-01 1.184964198287419279e-01 4.917256476852454455e-02 -3.189017667453475369e-02 -5.426325276700524891e-02 2.552302456600416200e-02 3.303218340277214865e-02 1.117982916342124752e-02 8.453267793315882156e-03 -8.287183695770018038e-03 4.040263950815504122e-03 6.777004832518621416e-03 2.650186808554016830e-03 8.233680678122358779e-03 1.724445451226709614e-02 8.395685943517371824e-03
-4.375894675630815023e+00 3.073043549608897251e+00 1.338214428241272902e+00 -1.219006099339527749e+00 -9.882417173954100020e-01 1.925904570495400869e-01 -3.451967010317852913e-01 -1.778882639569463464e-01 1.632643967262616402e-01 -4.893083707639189067e-02 8.933551358989506863e-02 -5.350504961154078920e-02 -1.401850767824794905e-03 9.015555118139551710e-03 4.098214833877475947e-03 2.301278674117126360e-02 8.716923549415986350e-03 5.292317080277283460e-03 3.717169138739454589e-03 3.882406574899207805e-03 -1.571360439432718456e-03 5.103905586443775212e-03 8.395685943517371824e-03 1.723014746746901957e-02
