9.084303174967966697e+03 -1.309749422598938281e+03 8.634033751294187198e+01 -2.577195762138371151e+02 1.050968363393338763e+02 -4.688209206880059128e+02 2.098166911016768097e+02 -1.080984994955413327e+02 -1.656621907386521002e+02 -2.443558860966189528e+01 -1.213234914073652781e+01 2.129093297398299356e+01 3.295052423011769349e+01 -1.972770188032100691e+01 2.114705635269284123e+00 -9.776576163076951431e+00 1.532744602973312720e+00 2.314090701415363882e-01 -8.659435844370695357e-01 2.352045493748821325e+00 9.195552297238259731e-01 -1.391126741107338249e+00 -1.424370872002726607e+00 -3.133219431955598377e+00
-1.309749422598938281e+03 6.646546282650345347e+03 5.469942708937687712e+02 -4.029746116005566137e+02 -5.274478773293234326e+02 3.335112673715113374e+01 2.067398799666744651e+02 2.169237289836600269e+02 6.211100717857246423e+01 -6.328397418248963646e+01 7.049828691451923923e+00 -2.550520626355166698e+01 -3.564982389060511281e+01 5.192255566446515758e+00 9.843857995215901102e-01 1.044140106334504159e+00 -4.699734594909585006e+00 5.063654792932688942e+00 3.195347421555296830e+00 4.311324464974879145e-02 -9.559365526298478910e-01 1.866746956780371614e+00 -3.031716485078578271e-02 2.294643354783314049e+00
8.634033751294187198e+01 5.469942708937687712e+02 5.253144561583093491e+03 8.595118208560072048e+01 -1.008682671219194020e+02 -4.663155813301570163e+01 1.538810505360841603e+02 5.092420148138644720e+01 1.415104156883778330e+02 3.633180277933453084e+01 -9.636273998588087863e+00 2.497201183887399978e+01 2.344708817457427230e+01 -6.798865883687077449e-01 -1.226951456250047556e+01 1.272704019775372153e+01 2.260784918664445975e+00 -6.542514352248285370e+00 -2.275549351823508815e+00 1.062009440525257364e+00 1.121148700156904932e+00 1.820563733342063450e+00 3.143736174449293652e-01 8.808006664468496227e-01
-2.577195762138371151e+02 -4.029746116005566137e+02 8.595118208560072048e+01 3.475979930458905073e+03 2.163559712091537506e+02 -2.452426174232744529e+02 -2.602536805340570822e+02 -8.642314826170938602e+01 -6.030849718219788436e+00 -5.113657195406832301e+01 -6.359083950280054687e+00 1.109659320176284503e+01 -4.319508347177163365e+00 -4.024842992159677557e+00 -1.215429231707679314e+01 -7.959086237075279069e-01 4.408169540356866811e+00 -4.888230759161629746e-01 -2.779027518207224379e+00 -1.794996184291408836e+00 1.209497500862915798e-01 2.465705100070822109e+00 1.491396453848331305e+00 1.646115794412749134e-01
1.050968363393338763e+02 -5.274478773293234326e+02 -1.008682671219194020e+02 2.163559712091537506e+02 1.117083821942197346e+03 9.585203683571240418e+00 4.938277165097542110e+01 3.228737808551230160e+01 1.672672444032115280e+01 3.134431049729397500e+01 1.292869250399437397e-01 1.495466549958261382e+01 4.931617829528025077e+00 -2.329264914821065791e+00 1.279313525572276733e+00 -4.366621277275711144e+00 2.120969331997293761e+00 7.776338749237121650e-01 2.764370742578800666e+00 3.970829804932671792e-01 -3.619351941063894684e-01 -1.388635587529660764e-01 -5.846947547131042811e-01 -7.801945987873971644e-01
-4.688209206880059128e+02 3.335112673715113374e+01 -4.663155813301570163e+01 -2.452426174232744529e+02 9.585203683571240418e+00 6.806960935673685071e+02 -1.070134328084630084e+02 -8.764032748529943717e+01 -3.242493521653685917e+01 -2.373249679732694351e-01 6.046810390529572921e+00 -2.943926255648061208e+00 6.564507079055566408e+00 -1.891693994639236653e-01 4.069647627938643986e+00 1.325270755268371570e+00 1.120883063171666638e+00 -9.520288837486022837e-01 3.035806245811511594e+00 4.428070469863385483e-01 3.092907699857960213e-01 -1.965410262954875309e-01 3.726658252697696017e-01 2.522679740503630183e-02
2.098166911016768097e+02 2.067398799666744651e+02 1.538810505360841603e+02 -2.602536805340570822e+02 4.938277165097542110e+01 -1.070134328084630084e+02 3.500216153200342433e+02 1.078358231051505101e+02 3.905999785767370014e+01 1.632895886563003174e+01 1.267144204826611897e+01 1.190203661012766290e+01 -3.818116590727670623e+00 1.597586323763924510e+00 9.941158558451159699e-01 -3.139418492643236913e+00 -1.765738427012665535e-01 -1.968029040369547955e+00 3.503729291195969431e-01 -2.030850551938261361e-01 -2.133022277850606108e-01 -4.509566471459653392e-01 -3.224215067609119134e-01 -6.068733004011876986e-01
-1.080984994955413327e+02 2.169237289836600269e+02 5.092420148138644720e+01 -8.642314826170938602e+01 3.228737808551230160e+01 -8.764032748529943717e+01 1.078358231051505101e+02 1.765100525340344859e+02 1.976527743393251058e+01 1.324851647754714534e+01 2.556103319237415850e+00 7.072050528684620474e+00 -3.282120414286315846e+00 -2.587672658725817865e+00 -1.054763923277984405e+00 -1.840230978983023569e+00 -2.089025506204010008e-01 4.102395827554977670e-01 -3.555736055082042157e-01 2.598021656622900161e-02 -4.639877147600043883e-01 5.236210524219851031e-02 -3.209009896652146310e-01 -2.786735632150725839e-01
-1.656621907386521002e+02 6.211100717857246423e+01 1.415104156883778330e+02 -6.030849718219788436e+00 1.672672444032115280e+01 -3.242493521653685917e+01 3.905999785767370014e+01 1.976527743393251058e+01 8.097992563834571911e+01 4.044239880915226237e+00 -1.811132468323106925e+00 6.871097485787391879e-01 -1.827058154264378231e+00 -7.120073425428625757e-01 -1.395002597392288601e-01 -2.705845530337582239e-01 2.534773634141605503e-01 3.322772603177419071e-01 7.251153317160514977e-02 1.647330904703249166e-01 -7.128222665653934087e-02 -5.502693427377153973e-02 -5.235849389404518932e-03 1.155950888561814160e-01
-2.443558860966189528e+01 -6.328397418248963646e+01 3.633180277933453084e+01 -5.113657195406832301e+01 3.134431049729397500e+01 -2.373249679732694351e-01 1.632895886563003174e+01 1.324851647754714534e+01 4.044239880915226237e+00 3.250394873303120136e+01 -1.941880627665863557e+00 1.042185504817778385e+00 9.255601050196247959e-02 7.595949635067249517e-01 1.630860427316451977e+00 -2.107920078305738909e-01 4.528181101075304804e-01 -1.982822101747185317e-01 7.371736869984274465e-02 1.023532987651185472e-01 7.756054775895532272e-02 -6.603924220108019216e-02 1.252161146701772643e-01 2.911972650896737375e-02
-1.213234914073652781e+01 7.049828691451923923e+00 -9.636273998588087863e+00 -6.359083950280054687e+00 1.292869250399437397e-01 6.046810390529572921e+00 1.267144204826611897e+01 2.556103319237415850e+00 -1.811132468323106925e+00 -1.941880627665863557e+00 2.467767971567710461e+01 4.201313860698755676e+00 1.599330302627009759e-01 -1.232514846543660836e-01 -6.675812563623937379e-01 8.392953389282302445e-03 4.511277338891306332e-01 3.576275268581622369e-01 -1.957765003057551287e-02 -3.662202020160313515e-02 -6.089554803712328435e-02 -1.771324464780656416e-01 -9.160051004277181691e-03 1.241121234283505265e-01
2.129093297398299356e+01 -2.550520626355166698e+01 2.497201183887399978e+01 1.109659320176284503e+01 1.495466549958261382e+01 -2.943926255648061208e+00 1.190203661012766290e+01 7.072050528684620474e+00 6.871097485787391879e-01 1.042185504817778385e+00 4.201313860698755676e+00 6.683028712370683522e+00 7.753250377073001021e-01 -6.311283250192097904e-01 7.401750315630829802e-02 6.868174881952157640e-02 2.571907062827593071e-01 -1.603979312674758961e-01 -4.317597046050497024e-03 5.131044083887675161e-02 -2.469585326248724400e-02 -2.302785510207838553e-03 -6.659277053071155361e-02 -4.729359119598567501e-02
3.295052423011769349e+01 -3.564982389060511281e+01 2.344708817457427230e+01 -4.319508347177163365e+00 4.931617829528025077e+00 6.564507079055566408e+00 -3.818116590727670623e+00 -3.282120414286315846e+00 -1.827058154264378231e+00 9.255601050196247959e-02 1.599330302627009759e-01 7.753250377073001021e-01 5.001910956795453167e+00 -1.209631392667771754e+00 3.570421640192691370e-01 2.905261462277307083e-01 -2.700718995344861262e-01 -2.340857366131413389e-03 4.322187403000692096e-02 4.015025196901581689e-02 1.140760870901285501e-02 -1.618288776801199078e-02 -3.736827284690466544e-02 -1.254967725978284147e-02
-1.972770188032100691e+01 5.192255566446515758e+00 -6.798865883687077449e-01 -4.024842992159677557e+00 -2.329264914821065791e+00 -1.891693994639236653e-01 1.597586323763924510e+00 -2.587672658725817865e+00 -7.120073425428625757e-01 7.595949635067249517e-01 -1.232514846543660836e-01 -6.311283250192097904e-01 -1.209631392667771754e+00 2.993596928810939861e+00 -3.390042768617511637e-01 1.243650688578275959e-01 8.263182120985299028e-02 -8.170905275038242710e-02 2.939707274728884170e-02 6.176686803307864654e-02 3.606620709935766476e-03 -3.151852563130407014e-02 1.233775308590065109e-02 -2.539619011466606215e-03
2.114705635269284123e+00 9.843857995215901102e-01 -1.226951456250047556e+01 -1.215429231707679314e+01 1.279313525572276733e+00 4.069647627938643986e+00 9.941158558451159699e-01 -1.054763923277984405e+00 -1.395002597392288601e-01 1.630860427316451977e+00 -6.675812563623937379e-01 7.401750315630829802e-02 3.570421640192691370e-01 -3.390042768617511637e-01 2.119073602518337207e+00 3.370166632589196437e-02 4.323729052907342900e-04 -2.783895900716534463e-02 1.940248508270462843e-02 2.311690791928692687e-02 -3.596967565871940498e-02 -2.568629427094920592e-02 1.957391514593767243e-02 1.144734235194704713e-02
-9.776576163076951431e+00 1.044140106334504159e+00 1.272704019775372153e+01 -7.959086237075279069e-01 -4.366621277275711144e+00 1.325270755268371570e+00 -3.139418492643236913e+00 -1.840230978983023569e+00 -2.705845530337582239e-01 -2.107920078305738909e-01 8.392953389282302445e-03 6.868174881952157640e-02 2.905261462277307083e-01 1.243650688578275959e-01 3.370166632589196437e-02 6.887279434561399682e-01 -5.367039743406028934e-02 -2.178205473690355762e-02 -2.330353183833683284e-02 2.880217405721848499e-03 2.357879249699728480e-02 1.293995521727566572e-02 1.002130770211366421e-02 7.462021433341558922e-03
1.532744602973312720e+00 -4.699734594909585006e+00 2.260784918664445975e+00 4.408169540356866811e+00 2.120969331997293761e+00 1.120883063171666638e+00 -1.765738427012665535e-01 -2.089025506204010008e-01 2.534773634141605503e-01 4.528181101075304804e-01 4.511277338891306332e-01 2.571907062827593071e-01 -2.700718995344861262e-01 8.263182120985299028e-02 4.323729052907342900e-04 -5.367039743406028934e-02 3.243498404818248027e-01 -4.859834298531498509e-03 2.952087198549940145e-02 2.349051554976803319e-02 -1.855165885743295315e-02 -6.193681468117759759e-04 7.863419012352336132e-03 1.064244019626566472e-02
2.314090701415363882e-01 5.063654792932688942e+00 -6.542514352248285370e+00 -4.888230759161629746e-01 7.776338749237121650e-01 -9.520288837486022837e-01 -1.968029040369547955e+00 4.102395827554977670e-01 3.322772603177419071e-01 -1.982822101747185317e-01 3.576275268581622369e-01 -1.603979312674758961e-01 -2.340857366131413389e-03 -8.170905275038242710e-02 -2.783895900716534463e-02 -2.178205473690355762e-02 -4.859834298531498509e-03 2.300512022687806468e-01 -2.861982919790162505e-02 7.686666514946687706e-03 -1.448624806573377798e-02 -1.143429764309479048e-02 -1.633628509520409708e-02 1.008722922807016829e-02
-8.659435844370695357e-01 3.195347421555296830e+00 -2.275549351823508815e+00 -2.779027518207224379e+00 2.764370742578800666e+00 3.035806245811511594e+00 3.503729291195969431e-01 -3.555736055082042157e-01 7.251153317160514977e-02 7.371736869984274465e-02 -1.957765003057551287e-02 -4.317597046050497024e-03 4.322187403000692096e-02 2.939707274728884170e-02 1.940248508270462843e-02 -2.330353183833683284e-02 2.952087198549940145e-02 -2.861982919790162505e-02 1.582066936471177576e-01 1.489863254157253528e-02 -1.540243685070139239e-03 1.017892077149907745e-02 1.313758261318219390e-03 2.561609326035644511e-03
2.352045493748821325e+00 4.311324464974879145e-02 1.062009440525257364e+00 -1.794996184291408836e+00 3.970829804932671792e-01 4.428070469863385483e-01 -2.030850551938261361e-01 2.598021656622900161e-02 1.647330904703249166e-01 1.023532987651185472e-01 -3.662202020160313515e-02 5.131044083887675161e-02 4.015025196901581689e-02 6.176686803307864654e-02 2.311690791928692687e-02 2.880217405721848499e-03 2.349051554976803319e-02 7.686666514946687706e-03 1.489863254157253528e-02 5.703083223530158036e-02 -3.715257054742504821e-03 -3.360560913051121104e-03 4.693075806677558738e-04 3.226863732428277703e-03
9.195552297238259731e-01 -9.559365526298478910e-01 1.121148700156904932e+00 1.209497500862915798e-01 -3.619351941063894684e-01 3.092907699857960213e-01 -2.133022277850606108e-01 -4.639877147600043883e-01 -7.128222665653934087e-02 7.756054775895532272e-02 -6.089554803712328435e-02 -2.469585326248724400e-02 1.140760870901285501e-02 3.606620709935766476e-03 -3.596967565871940498e-02 2.357879249699728480e-02 -1.855165885743295315e-02 -1.448624806573377798e-02 -1.540243685070139239e-03 -3.715257054742504821e-03 3.177657567199122790e-02 -3.416701733971451611e-03 1.236661826721969322e-03 -3.616623614037077494e-03
-1.391126741107338249e+00 1.866746956780371614e+00 1.820563733342063450e+00 2.465705100070822109e+00 -1.388635587529660764e-01 -1.965410262954875309e-01 -4.509566471459653392e-01 5.236210524219851031e-02 -5.502693427377153973e-02 -6.603924220108019216e-02 -1.771324464780656416e-01 -2.302785510207838553e-03 -1.618288776801199078e-02 -3.151852563130407014e-02 -2.568629427094920592e-02 1.293995521727566572e-02 -6.193681468117759759e-04 -1.143429764309479048e-02 1.017892077149907745e-02 -3.360560913051121104e-03 -3.416701733971451611e-03 2.680997892399065302e-02 7.262267800242979722e-03 4.593270581593892829e-03
-1.424370872002726607e+00 -3.031716485078578271e-02 3.143736174449293652e-01 1.491396453848331305e+00 -5.846947547131042811e-01 3.726658252697696017e-01 -3.224215067609119134e-01 -3.209009896652146310e-01 -5.235849389404518932e-03 1.252161146701772643e-01 -9.160051004277181691e-03 -6.659277053071155361e-02 -3.736827284690466544e-02 1.233775308590065109e-02 1.957391514593767243e-02 1.002130770211366421e-02 7.863419012352336132e-03 -1.633628509520409708e-02 1.313758261318219390e-03 4.693075806677558738e-04 1.236661826721969322e-03 7.262267800242979722e-03 1.921360072311930484e-02 9.284612617052861311e-03
-3.133219431955598377e+00 2.294643354783314049e+00 8.808006664468496227e-01 1.646115794412749134e-01 -7.801945987873971644e-01 2.522679740503630183e-02 -6.068733004011876986e-01 -2.786735632150725839e-01 1.155950888561814160e-01 2.911972650896737375e-02 1.241121234283505265e-01 -4.729359119598567501e-02 -1.254967725978284147e-02 -2.539619011466606215e-03 1.144734235194704713e-02 7.462021433341558922e-03 1.064244019626566472e-02 1.008722922807016829e-02 2.561609326035644511e-03 3.226863732428277703e-03 -3.616623614037077494e-03 4.593270581593892829e-03 9.284612617052861311e-03 1.608395634626016285e-02
