9.815468698180431602e+03 -6.385570456422050256e+02 -4.419524590555192844e+02 -4.041396295554843618e+02 1.078422917139044159e+02 -4.334565195234701491e+02 3.027181714455957149e+02 -1.094310266105041620e+02 -1.903298374386059777e+02 -4.387060216711655158e+01 1.015139515174949025e+01 3.049673883109390360e+01 3.557617367392399643e+01 -8.697751073220892692e+00 1.451553131182261325e+01 -1.064474827563448756e+01 9.987872564256836672e-01 -3.686062540379118957e+00 3.166846627604113174e+00 3.049001101665528957e+00 1.469197917655346242e+00 -2.041318031455796600e+00 -2.573557104527695483e+00 -4.399285712364917167e+00
-6.385570456422050256e+02 6.140136801505878793e+03 5.813664847250773846e+02 2.330518447602809431e+02 -4.028735658823849235e+02 2.835833736509644041e+02 8.034569194398284253e+01 6.952811959849009327e+01 1.335878483254110733e+02 -1.620485969532414972e+00 2.011240130040770069e+01 -2.486176053203348957e+01 -2.705916254774099983e+01 1.862623316648659433e+00 4.687617440140782854e+00 3.225760923939618330e+00 -5.499132852313489472e+00 2.102059116552414064e+00 3.754023595522342660e+00 9.397903715440827366e-01 -1.020100076109530240e+00 3.233634413576768285e+00 1.651181706946737382e+00 3.029832980630624562e+00
-4.419524590555192844e+02 5.813664847250773846e+02 4.097806790661391460e+03 -2.493268122392275359e+02 2.718443881605164236e+01 8.625963528365060995e+01 1.405975178114111941e+02 2.239598634481985684e+01 1.182242155466977067e+02 2.735516990106501822e+01 -1.164834745316459497e+01 2.176667295979160421e+00 2.026732903064613822e+01 -5.802234804530821854e+00 -6.155369764251646281e+00 7.493008127840226962e+00 2.221479838192228495e+00 -3.895834840969711887e+00 -4.968450439690132114e+00 1.778194856698428472e+00 6.943682852408786799e-01 1.331799268974642514e+00 5.906725751937273033e-02 3.301216491922606688e-01
-4.041396295554843618e+02 2.330518447602809431e+02 -2.493268122392275359e+02 3.672892627986637763e+03 1.452924824527827639e+02 -1.369501211834690082e+02 -2.829168954501730013e+02 -4.387614849137418105e+01 -7.035103851503859573e+01 -4.494450707422820557e+01 5.636496158621211450e+00 1.950901797273324689e+01 -1.370677280814058463e+01 -1.485016083650217489e+01 -2.371632346467177754e+01 -1.260787824615340891e-01 4.654121518318778072e+00 -1.870104434353328626e+00 -1.855965006051105926e+00 -1.564941894336672634e+00 8.685304986033715036e-01 2.073124415031866619e+00 9.852434645727438101e-01 -1.931309632067978732e-01
1.078422917139044159e+02 -4.028735658823849235e+02 2.718443881605164236e+01 1.452924824527827639e+02 9.547159811934249092e+02 -1.644725360810438275e+01 7.623895291123966445e+01 3.793379484153680181e+01 1.591388015550621837e+01 2.020012001190653450e+01 1.671961809535870980e-01 1.200072644064355387e+01 5.180721419870582878e+00 -1.724946037790931586e+00 -6.135956849484122122e-01 -2.454902485777921139e+00 1.624382717075047777e+00 -2.648672134763826458e-01 2.163859211625239531e+00 7.029766973338296143e-01 -4.259419214785082897e-01 -3.273855518680116039e-01 -7.679532742307147997e-01 -8.269619419642555425e-01
-4.334565195234701491e+02 2.835833736509644041e+02 8.625963528365060995e+01 -1.369501211834690082e+02 -1.644725360810438275e+01 6.544420836235879051e+02 -1.044053779220553082e+02 -7.521953289184888547e+01 -6.368227807725470591e+00 -1.475926400295926300e+01 -2.793216630571500492e+00 -1.342574113360754495e+00 9.724354575803099365e+00 -7.208265344224368265e-01 -8.773784133029515209e-01 1.361351292107324251e-01 -1.905020482698950302e-01 -1.130179523383598506e+00 2.675325984790568601e+00 -9.982562333787710351e-02 -1.626101620827462846e-01 -5.039411390470095037e-02 3.883222399903521471e-01 2.767028016552125491e-01
3.027181714455957149e+02 8.034569194398284253e+01 1.405975178114111941e+02 -2.829168954501730013e+02 7.623895291123966445e+01 -1.044053779220553082e+02 3.214726519035292540e+02 7.259213731622007515e+01 1.902056067077841917e+01 5.865821477438038833e+00 5.478180584547160059e+00 5.609652368677939371e+00 -5.180948593760198229e+00 2.068927087560971767e+00 3.031425283814546567e+00 -3.386053109585304810e+00 -1.108277598276560250e+00 -2.180678126639904679e+00 5.582655704911138050e-01 -1.098569381990368993e-01 -3.476212028569662382e-01 -1.067494591478472116e-01 -1.514799346151753379e-01 -2.832613142824227381e-01
-1.094310266105041620e+02 6.952811959849009327e+01 2.239598634481985684e+01 -4.387614849137418105e+01 3.793379484153680181e+01 -7.521953289184888547e+01 7.259213731622007515e+01 1.707302503992620188e+02 2.049710718411628463e+01 1.344709297964671890e+01 2.671615628653877916e+00 5.351068087385401739e+00 -4.745711361109043125e+00 -3.344133971691927609e+00 -4.098099664225918204e-01 -1.641477776574353120e+00 2.452385740874634887e-02 3.395698506357048285e-01 -3.415545450012192341e-01 1.232038485232698904e-01 -6.023144078071097640e-01 6.433900324621032174e-02 -1.986221822998613662e-01 -1.508875629566209520e-01
-1.903298374386059777e+02 1.335878483254110733e+02 1.182242155466977067e+02 -7.035103851503859573e+01 1.591388015550621837e+01 -6.368227807725470591e+00 1.902056067077841917e+01 2.049710718411628463e+01 7.858985852982861786e+01 1.042089681863476436e+01 -2.983801723131277672e+00 2.000814461089421292e-01 -2.372657236267833980e+00 -1.607171210761278557e+00 2.667257452798106332e-01 3.143025276441827609e-01 3.562040229227150800e-01 5.133616844912354260e-01 4.157523659161684870e-01 2.272420363148863198e-01 -1.225412561019083857e-01 2.784747383327096024e-02 -1.233838371214224586e-02 1.175157322125130605e-01
-4.387060216711655158e+01 -1.620485969532414972e+00 2.735516990106501822e+01 -4.494450707422820557e+01 2.020012001190653450e+01 -1.475926400295926300e+01 5.865821477438038833e+00 1.344709297964671890e+01 1.042089681863476436e+01 3.551983209926138585e+01 -1.137233255048590630e+00 7.943622794910709661e-01 -6.698058801955802943e-01 8.002147604859874974e-01 1.622950893732679756e+00 7.165837107542342987e-02 7.456619187224478029e-01 -3.695693129250806619e-01 1.061641855855767480e-01 1.550468170034312587e-01 1.425050046245653346e-01 3.271866194614731632e-02 1.841321123197881271e-01 7.702613882942586920e-02
1.015139515174949025e+01 2.011240130040770069e+01 -1.164834745316459497e+01 5.636496158621211450e+00 1.671961809535870980e-01 -2.793216630571500492e+00 5.478180584547160059e+00 2.671615628653877916e+00 -2.983801723131277672e+00 -1.137233255048590630e+00 2.125659346451630327e+01 3.602671485899406001e+00 8.313303119940702590e-01 -3.308504651398885832e-01 -4.852701252980731739e-01 -8.359059843003639745e-02 4.305735508015088864e-01 1.839350853962560262e-01 -3.132816100089027417e-02 -6.694695226629114593e-02 -7.217481745282000594e-02 -1.119672244372544867e-01 3.369556476128613212e-03 1.011275581438998566e-01
3.049673883109390360e+01 -2.486176053203348957e+01 2.176667295979160421e+00 1.950901797273324689e+01 1.200072644064355387e+01 -1.342574113360754495e+00 5.609652368677939371e+00 5.351068087385401739e+00 2.000814461089421292e-01 7.943622794910709661e-01 3.602671485899406001e+00 6.920453669086337634e+00 1.192073813613718114e+00 -5.965295396844083609e-01 -5.052325838689373239e-01 -3.815181416692834393e-01 2.277326235552510902e-01 -2.227089189804675184e-01 1.150049692528597317e-01 1.147359619560548716e-01 -2.313831615140697281e-02 -4.952998995882047784e-02 -6.956961065493040552e-02 -3.888126561770242212e-02
3.557617367392399643e+01 -2.705916254774099983e+01 2.026732903064613822e+01 -1.370677280814058463e+01 5.180721419870582878e+00 9.724354575803099365e+00 -5.180948593760198229e+00 -4.745711361109043125e+00 -2.372657236267833980e+00 -6.698058801955802943e-01 8.313303119940702590e-01 1.192073813613718114e+00 5.390251012956123411e+00 -1.112665232762130474e+00 5.192671438778644344e-01 1.540290875918852165e-01 -1.716154183980551640e-01 -9.594717981733338896e-02 3.488275036762150672e-02 7.516739392664380237e-02 2.805084286627403025e-03 -3.707743466997008575e-02 -2.697722972473736575e-02 4.933749555764053128e-04
-8.697751073220892692e+00 1.862623316648659433e+00 -5.802234804530821854e+00 -1.485016083650217489e+01 -1.724946037790931586e+00 -7.208265344224368265e-01 2.068927087560971767e+00 -3.344133971691927609e+00 -1.607171210761278557e+00 8.002147604859874974e-01 -3.308504651398885832e-01 -5.965295396844083609e-01 -1.112665232762130474e+00 2.693407306722649164e+00 -8.383327291344021270e-02 1.049267949426970492e-01 2.055935375242342114e-02 -8.394355939352543539e-02 8.273490669294156219e-02 4.639317484552862164e-02 2.475650951249925430e-02 -3.572949859023586555e-02 1.123055694006096228e-02 -9.171216745023975936e-03
1.451553131182261325e+01 4.687617440140782854e+00 -6.155369764251646281e+00 -2.371632346467177754e+01 -6.135956849484122122e-01 -8.773784133029515209e-01 3.031425283814546567e+00 -4.098099664225918204e-01 2.667257452798106332e-01 1.622950893732679756e+00 -4.852701252980731739e-01 -5.052325838689373239e-01 5.192671438778644344e-01 -8.383327291344021270e-02 2.136760025805667151e+00 4.457111845139884176e-02 -6.978144298027388892e-02 -2.650563968923719954e-02 4.299991228128379611e-02 5.256675505110943586e-02 -3.656355314861719358e-02 -1.030163985894549938e-02 1.315745851598289738e-02 7.748185795593503719e-03
-1.064474827563448756e+01 3.225760923939618330e+00 7.493008127840226962e+00 -1.260787824615340891e-01 -2.454902485777921139e+00 1.361351292107324251e-01 -3.386053109585304810e+00 -1.641477776574353120e+00 3.143025276441827609e-01 7.165837107542342987e-02 -8.359059843003639745e-02 -3.815181416692834393e-01 1.540290875918852165e-01 1.049267949426970492e-01 4.457111845139884176e-02 6.526296521835920350e-01 4.070022980645591343e-02 -3.296038272427269811e-03 -1.447325605478480375e-02 2.059218050477812714e-02 2.249170355017693357e-02 2.188787495336855238e-02 3.793996953784377867e-03 1.063248621274964605e-02
9.987872564256836672e-01 -5.499132852313489472e+00 2.221479838192228495e+00 4.654121518318778072e+00 1.624382717075047777e+00 -1.905020482698950302e-01 -1.108277598276560250e+00 2.452385740874634887e-02 3.562040229227150800e-01 7.456619187224478029e-01 4.305735508015088864e-01 2.277326235552510902e-01 -1.716154183980551640e-01 2.055935375242342114e-02 -6.978144298027388892e-02 4.070022980645591343e-02 3.276726410213807728e-01 7.193943252828319430e-03 8.313274264281744763e-03 7.749200297025167841e-03 -1.347183033686800979e-02 9.971075873476495377e-03 8.565381804128708448e-03 1.306798224475652290e-02
-3.686062540379118957e+00 2.102059116552414064e+00 -3.895834840969711887e+00 -1.870104434353328626e+00 -2.648672134763826458e-01 -1.130179523383598506e+00 -2.180678126639904679e+00 3.395698506357048285e-01 5.133616844912354260e-01 -3.695693129250806619e-01 1.839350853962560262e-01 -2.227089189804675184e-01 -9.594717981733338896e-02 -8.394355939352543539e-02 -2.650563968923719954e-02 -3.296038272427269811e-03 7.193943252828319430e-03 2.431929306314614403e-01 -4.173606630762954905e-02 7.359540404367080971e-03 -1.643493865839575074e-02 -9.686843434843928763e-03 -1.152438722379535950e-02 9.160354485871116670e-03
3.166846627604113174e+00 3.754023595522342660e+00 -4.968450439690132114e+00 -1.855965006051105926e+00 2.163859211625239531e+00 2.675325984790568601e+00 5.582655704911138050e-01 -3.415545450012192341e-01 4.157523659161684870e-01 1.061641855855767480e-01 -3.132816100089027417e-02 1.150049692528597317e-01 3.488275036762150672e-02 8.273490669294156219e-02 4.299991228128379611e-02 -1.447325605478480375e-02 8.313274264281744763e-03 -4.173606630762954905e-02 1.755105712701131027e-01 1.779930123866772448e-02 -1.132287016619490340e-03 6.395254989985212253e-03 5.607770377079320662e-03 1.776909680112594408e-03
3.049001101665528957e+00 9.397903715440827366e-01 1.778194856698428472e+00 -1.564941894336672634e+00 7.029766973338296143e-01 -9.982562333787710351e-02 -1.098569381990368993e-01 1.232038485232698904e-01 2.272420363148863198e-01 1.550468170034312587e-01 -6.694695226629114593e-02 1.147359619560548716e-01 7.516739392664380237e-02 4.639317484552862164e-02 5.256675505110943586e-02 2.059218050477812714e-02 7.749200297025167841e-03 7.359540404367080971e-03 1.779930123866772448e-02 5.149379676697547759e-02 -4.008519330791385921e-03 -2.306678428468303312e-03 1.655171625416413522e-03 2.842398583378870271e-03
1.469197917655346242e+00 -1.020100076109530240e+00 6.943682852408786799e-01 8.685304986033715036e-01 -4.259419214785082897e-01 -1.626101620827462846e-01 -3.476212028569662382e-01 -6.023144078071097640e-01 -1.225412561019083857e-01 1.425050046245653346e-01 -7.217481745282000594e-02 -2.313831615140697281e-02 2.805084286627403025e-03 2.475650951249925430e-02 -3.656355314861719358e-02 2.249170355017693357e-02 -1.347183033686800979e-02 -1.643493865839575074e-02 -1.132287016619490340e-03 -4.008519330791385921e-03 3.441353615010968314e-02 6.089840602327621600e-04 3.888204558133372991e-03 -2.650842025028972860e-03
-2.041318031455796600e+00 3.233634413576768285e+00 1.331799268974642514e+00 2.073124415031866619e+00 -3.273855518680116039e-01 -5.039411390470095037e-02 -1.067494591478472116e-01 6.433900324621032174e-02 2.784747383327096024e-02 3.271866194614731632e-02 -1.119672244372544867e-01 -4.952998995882047784e-02 -3.707743466997008575e-02 -3.572949859023586555e-02 -1.030163985894549938e-02 2.188787495336855238e-02 9.971075873476495377e-03 -9.686843434843928763e-03 6.395254989985212253e-03 -2.306678428468303312e-03 6.089840602327621600e-04 2.761210000874389503e-02 9.205872350527777304e-03 4.696748253106456522e-03
-2.573557104527695483e+00 1.651181706946737382e+00 5.906725751937273033e-02 9.852434645727438101e-01 -7.679532742307147997e-01 3.883222399903521471e-01 -1.514799346151753379e-01 -1.986221822998613662e-01 -1.233838371214224586e-02 1.841321123197881271e-01 3.369556476128613212e-03 -6.956961065493040552e-02 -2.697722972473736575e-02 1.123055694006096228e-02 1.315745851598289738e-02 3.793996953784377867e-03 8.565381804128708448e-03 -1.152438722379535950e-02 5.607770377079320662e-03 1.655171625416413522e-03 3.888204558133372991e-03 9.205872350527777304e-03 1.877404299287091169e-02 9.619320144660461341e-03
-4.399285712364917167e+00 3.029832980630624562e+00 3.301216491922606688e-01 -1.931309632067978732e-01 -8.269619419642555425e-01 2.767028016552125491e-01 -2.832613142824227381e-01 -1.508875629566209520e-01 1.175157322125130605e-01 7.702613882942586920e-02 1.011275581438998566e-01 -3.888126561770242212e-02 4.933749555764053128e-04 -9.171216745023975936e-03 7.748185795593503719e-03 1.063248621274964605e-02 1.306798224475652290e-02 9.160354485871116670e-03 1.776909680112594408e-03 2.842398583378870271e-03 -2.650842025028972860e-03 4.696748253106456522e-03 9.619320144660461341e-03 1.628977178440814064e-02
