6.307927169283373587e+03 1.295199252755542830e+03 6.651181748263371674e+02 2.005529112148596766e+02 6.058645888633653698e+01 3.102272759902376720e+02 -4.341859146015876547e+01 -6.946018486322716967e+01 8.741576349850721073e+00 9.225375039258995002e+01 -5.917419196649937163e+01 5.073507776281031312e+01 -2.227140018668235300e+01 -5.546512099173689592e+00 7.048409044132306178e+00 -6.563299656384259384e-01 6.885336298766898899e+00 -5.841644552485355746e+00 7.826902697552831079e-01 -2.548845821499237108e+00 9.608614731607413306e-01 -2.672216220863105618e-01 -5.547309816645801250e-01 -1.119767561410686563e+00
1.295199252755542830e+03 8.254166702660051669e+03 -1.627563686270885341e+02 -2.165835649296813017e+02 1.517263877184588523e+02 -2.063111827702980463e+02 2.741305708368253491e+01 -9.048428414968304878e+01 2.095464763966768373e+02 1.030054185912698301e+02 4.512571865479242206e+01 5.685814890522861020e+01 3.332282848148899745e+01 -9.300424429835063123e+00 1.142736923521069947e+01 6.339156080893819656e+00 3.391851334206668955e+00 -7.317785663757588210e+00 -5.526674933883684915e+00 8.431071010857763559e-01 -1.321813550298356565e+00 -4.009195242823018757e-01 5.026402531824403219e-01 4.342868423892938812e-01
6.651181748263371674e+02 -1.627563686270885341e+02 3.488086130634185338e+03 8.235214421888900915e+01 -8.703128089003536161e+01 -3.325383905469990964e+01 -9.304727320200724350e+00 3.255141840393848440e+01 1.283501270859328827e+02 4.821976917008400676e+01 -2.961500566312557581e+01 -6.095594226263619575e+00 -1.749854173558863479e+01 2.588580197322176701e+00 -9.888644239936317248e+00 2.915298277894622370e+00 9.373605131653093281e-01 -1.041131774407963562e+00 7.549048295333132819e-01 9.250207349200211260e-01 5.246484399025251877e-01 -1.077509145402755442e+00 -1.646981748456791017e+00 -3.923087834361994042e-01
2.005529112148596766e+02 -2.165835649296813017e+02 8.235214421888900915e+01 2.940750559577618787e+03 1.203421320753666777e+02 3.232491954232010585e+02 7.373062302875825935e+01 2.225727552171890977e+01 7.235370109915042747e+01 3.161550266321658142e+01 -3.951768899845830685e+00 2.021005463365418819e+01 1.845428523215555927e+01 1.479493023226879345e+01 3.586784979244035387e+00 2.334442104588565936e+00 -1.965306439103847724e-02 9.336886899440549614e-01 3.422987219078597931e+00 3.551836786526401557e+00 1.413005941581795044e+00 1.557126666606614585e+00 4.955572932851142753e-01 1.280202648538889321e+00
6.058645888633653698e+01 1.517263877184588523e+02 -8.703128089003536161e+01 1.203421320753666777e+02 1.011561345113640300e+03 -2.779083397010982726e+00 -1.440316464224317450e+01 8.681333224641522861e+01 -3.502286571678896365e+01 2.234595641363502239e+01 -1.144881620638673958e+01 5.569449582561869505e+00 1.594112018408387677e+01 8.603924354137799213e+00 9.165737595024490147e+00 3.610783343589044847e+00 -1.889032559668328393e+00 -2.090275895366120906e+00 -9.859047037606668562e-01 -6.028150482117348163e-01 5.831358876657011248e-01 -3.409176466206874090e-01 -2.135961755674291584e-01 -5.432908109218881343e-01
3.102272759902376720e+02 -2.063111827702980463e+02 -3.325383905469990964e+01 3.232491954232010585e+02 -2.779083397010982726e+00 6.886984160738477385e+02 1.361947280448457498e+01 5.285484127561630174e+01 6.255032316514351720e+01 1.436245255493104978e+01 8.686011010830158696e+00 2.447005461044610364e+00 2.549424690925059966e+00 2.946034697730340657e+00 2.899942933068619499e+00 4.684703291929308122e+00 -7.473880017034771617e-02 -1.733368303447863079e+00 3.793196648347117450e-01 8.424941628058039977e-02 6.974216089641526173e-01 3.866115815549000523e-01 5.964800190780581435e-01 7.628597970626397329e-01
-4.341859146015876547e+01 2.741305708368253491e+01 -9.304727320200724350e+00 7.373062302875825935e+01 -1.440316464224317450e+01 1.361947280448457498e+01 1.868489498681967973e+02 -6.825719333113829634e+01 8.199927730392388980e-01 8.174978856196529975e+00 -8.752212763432805076e+00 6.087890563174427783e+00 -4.510104541671706158e-01 6.491782020860330960e+00 5.726355427810653903e-02 2.236086976980905749e+00 -2.952797356850495047e-01 4.105198915428605044e-01 -1.975082535937842387e-01 -4.495295562649282983e-01 3.788351875450038375e-01 6.847991602826462021e-01 5.851149245180637948e-01 3.824314994637385556e-01
-6.946018486322716967e+01 -9.048428414968304878e+01 3.255141840393848440e+01 2.225727552171890977e+01 8.681333224641522861e+01 5.285484127561630174e+01 -6.825719333113829634e+01 1.954847632287224712e+02 9.399632311383488315e+00 -1.621236032885844125e+01 -4.845263740469756719e+00 -5.860034701227226250e+00 6.412288087165080697e+00 3.869522189175779836e+00 1.636044590880661787e+00 -1.303088026976209512e+00 3.877890804737840202e-01 7.159918789336421341e-01 -2.381749333184073891e-01 1.526090582899659008e-02 -7.166223413990170377e-01 -5.830745075599089722e-01 -1.726909924501617843e-01 -4.209096055380330270e-01
8.741576349850721073e+00 2.095464763966768373e+02 1.283501270859328827e+02 7.235370109915042747e+01 -3.502286571678896365e+01 6.255032316514351720e+01 8.199927730392388980e-01 9.399632311383488315e+00 8.713935097791619455e+01 9.797355996590981775e+00 -2.069575797062421507e-02 -1.082781391985648156e+00 -1.432671626112039132e+00 3.097123671106482012e-01 3.569986159382933510e-01 1.041838838873816009e+00 6.091977449433978453e-01 -3.446098866952325701e-01 -1.797737616701491625e-01 -4.263741769458338077e-02 -1.208023060178083086e-01 -2.005619734198796356e-01 -2.032063775184053678e-02 6.937917417798251940e-02
9.225375039258995002e+01 1.030054185912698301e+02 4.821976917008400676e+01 3.161550266321658142e+01 2.234595641363502239e+01 1.436245255493104978e+01 8.174978856196529975e+00 -1.621236032885844125e+01 9.797355996590981775e+00 3.542839599451715316e+01 6.758554169642735587e+00 2.205016732381827271e+00 -2.641518862395422773e-01 -1.699736029585955377e+00 9.183196434750637849e-01 1.952357261779564146e+00 9.961933445074673266e-01 -5.953048995888863271e-01 1.846179969544109734e-01 2.151843713090056398e-01 1.540048311841156758e-01 -8.913688285095829056e-02 1.282951605074575674e-01 7.439200427778989988e-02
-5.917419196649937163e+01 4.512571865479242206e+01 -2.961500566312557581e+01 -3.951768899845830685e+00 -1.144881620638673958e+01 8.686011010830158696e+00 -8.752212763432805076e+00 -4.845263740469756719e+00 -2.069575797062421507e-02 6.758554169642735587e+00 2.205577431224621066e+01 3.225377432166751213e+00 2.873661669676976782e+00 -2.695488678218737610e-01 1.261046737521171135e+00 1.420525395526765156e+00 3.720669424290213301e-01 1.888158734384288995e-01 2.588914205188597162e-01 1.816050217568865310e-01 5.254469622812614482e-02 4.308006574104392833e-02 -4.074170836234362360e-03 3.641431990390435469e-02
5.073507776281031312e+01 5.685814890522861020e+01 -6.095594226263619575e+00 2.021005463365418819e+01 5.569449582561869505e+00 2.447005461044610364e+00 6.087890563174427783e+00 -5.860034701227226250e+00 -1.082781391985648156e+00 2.205016732381827271e+00 3.225377432166751213e+00 1.280666887604026094e+01 1.316126298467479971e+00 1.295123212499546206e+00 7.082564727186724252e-01 3.775675291502291198e-01 4.173337409316573710e-01 1.913600702649659313e-01 9.731878657192499782e-02 1.524132661430705471e-01 8.789343881592351360e-02 7.838921274006764583e-02 1.404418277422715342e-02 7.372110391455624634e-02
-2.227140018668235300e+01 3.332282848148899745e+01 -1.749854173558863479e+01 1.845428523215555927e+01 1.594112018408387677e+01 2.549424690925059966e+00 -4.510104541671706158e-01 6.412288087165080697e+00 -1.432671626112039132e+00 -2.641518862395422773e-01 2.873661669676976782e+00 1.316126298467479971e+00 4.483244796961335155e+00 -3.968752296069440466e-01 7.827203808028845300e-01 1.443084128746122130e-01 3.252935764082057757e-01 1.497630503227781740e-01 -1.874676593229854249e-02 5.565969616867213338e-02 9.342849591280638633e-02 1.677318122424785451e-02 2.015792021718694829e-02 3.525404986285020359e-02
-5.546512099173689592e+00 -9.300424429835063123e+00 2.588580197322176701e+00 1.479493023226879345e+01 8.603924354137799213e+00 2.946034697730340657e+00 6.491782020860330960e+00 3.869522189175779836e+00 3.097123671106482012e-01 -1.699736029585955377e+00 -2.695488678218737610e-01 1.295123212499546206e+00 -3.968752296069440466e-01 3.182230293955007117e+00 2.058810231660523349e-01 6.006307703344147125e-02 -2.490261300484624130e-01 1.616704729801449582e-03 -1.531601867409048204e-02 -5.650949169220117335e-02 -1.510696018842622862e-02 -1.222934969507058489e-02 2.694495206744768750e-02 4.157372465538099714e-03
7.048409044132306178e+00 1.142736923521069947e+01 -9.888644239936317248e+00 3.586784979244035387e+00 9.165737595024490147e+00 2.899942933068619499e+00 5.726355427810653903e-02 1.636044590880661787e+00 3.569986159382933510e-01 9.183196434750637849e-01 1.261046737521171135e+00 7.082564727186724252e-01 7.827203808028845300e-01 2.058810231660523349e-01 1.207241464382697194e+00 1.321501931254540629e-01 1.064794864598634233e-01 1.286290656492368456e-01 2.832047273712203633e-02 2.671074442208116670e-02 3.200725721313819622e-03 -4.012488111047242401e-03 4.135205516217799193e-02 -7.322429697191876370e-03
-6.563299656384259384e-01 6.339156080893819656e+00 2.915298277894622370e+00 2.334442104588565936e+00 3.610783343589044847e+00 4.684703291929308122e+00 2.236086976980905749e+00 -1.303088026976209512e+00 1.041838838873816009e+00 1.952357261779564146e+00 1.420525395526765156e+00 3.775675291502291198e-01 1.443084128746122130e-01 6.006307703344147125e-02 1.321501931254540629e-01 8.174005342688459574e-01 9.203560010712504014e-02 -6.620090923955221363e-02 -2.236625562319054499e-03 6.563209706540414252e-03 3.538653543018893417e-03 5.751576928342079856e-03 4.532449541544999322e-02 2.749162168896269326e-02
6.885336298766898899e+00 3.391851334206668955e+00 9.373605131653093281e-01 -1.965306439103847724e-02 -1.889032559668328393e+00 -7.473880017034771617e-02 -2.952797356850495047e-01 3.877890804737840202e-01 6.091977449433978453e-01 9.961933445074673266e-01 3.720669424290213301e-01 4.173337409316573710e-01 3.252935764082057757e-01 -2.490261300484624130e-01 1.064794864598634233e-01 9.203560010712504014e-02 3.971531427370045275e-01 1.225036161023969686e-02 2.100397942892815936e-02 1.332316901741233475e-02 1.062151904305716314e-02 3.298300217885571668e-03 -8.297455161863557084e-04 4.391630807070259247e-03
-5.841644552485355746e+00 -7.317785663757588210e+00 -1.041131774407963562e+00 9.336886899440549614e-01 -2.090275895366120906e+00 -1.733368303447863079e+00 4.105198915428605044e-01 7.159918789336421341e-01 -3.446098866952325701e-01 -5.953048995888863271e-01 1.888158734384288995e-01 1.913600702649659313e-01 1.497630503227781740e-01 1.616704729801449582e-03 1.286290656492368456e-01 -6.620090923955221363e-02 1.225036161023969686e-02 2.836098427812105416e-01 3.803521029649904739e-02 1.730086566191798778e-02 1.372426239349120586e-02 1.138573715916608650e-02 -3.827139353562089563e-04 3.460819934526082348e-03
7.826902697552831079e-01 -5.526674933883684915e+00 7.549048295333132819e-01 3.422987219078597931e+00 -9.859047037606668562e-01 3.793196648347117450e-01 -1.975082535937842387e-01 -2.381749333184073891e-01 -1.797737616701491625e-01 1.846179969544109734e-01 2.588914205188597162e-01 9.731878657192499782e-02 -1.874676593229854249e-02 -1.531601867409048204e-02 2.832047273712203633e-02 -2.236625562319054499e-03 2.100397942892815936e-02 3.803521029649904739e-02 1.006409649473399698e-01 1.911202708511627879e-02 1.992880604620242066e-02 8.646752652555721869e-03 -7.856834722567332396e-03 6.198456550766034967e-03
-2.548845821499237108e+00 8.431071010857763559e-01 9.250207349200211260e-01 3.551836786526401557e+00 -6.028150482117348163e-01 8.424941628058039977e-02 -4.495295562649282983e-01 1.526090582899659008e-02 -4.263741769458338077e-02 2.151843713090056398e-01 1.816050217568865310e-01 1.524132661430705471e-01 5.565969616867213338e-02 -5.650949169220117335e-02 2.671074442208116670e-02 6.563209706540414252e-03 1.332316901741233475e-02 1.730086566191798778e-02 1.911202708511627879e-02 5.193782212426008293e-02 1.422518175241850071e-02 3.150156262941833547e-03 -1.542458438649380080e-04 5.739282812270570314e-03
9.608614731607413306e-01 -1.321813550298356565e+00 5.246484399025251877e-01 1.413005941581795044e+00 5.831358876657011248e-01 6.974216089641526173e-01 3.788351875450038375e-01 -7.166223413990170377e-01 -1.208023060178083086e-01 1.540048311841156758e-01 5.254469622812614482e-02 8.789343881592351360e-02 9.342849591280638633e-02 -1.510696018842622862e-02 3.200725721313819622e-03 3.538653543018893417e-03 1.062151904305716314e-02 1.372426239349120586e-02 1.992880604620242066e-02 1.422518175241850071e-02 4.420094477262393601e-02 8.564641021282671379e-03 -1.756189253661926981e-03 5.640980215335914330e-03
-2.672216220863105618e-01 -4.009195242823018757e-01 -1.077509145402755442e+00 1.557126666606614585e+00 -3.409176466206874090e-01 3.866115815549000523e-01 6.847991602826462021e-01 -5.830745075599089722e-01 -2.005619734198796356e-01 -8.913688285095829056e-02 4.308006574104392833e-02 7.838921274006764583e-02 1.677318122424785451e-02 -1.222934969507058489e-02 -4.012488111047242401e-03 5.751576928342079856e-03 3.298300217885571668e-03 1.138573715916608650e-02 8.646752652555721869e-03 3.150156262941833547e-03 8.564641021282671379e-03 2.451591349083874841e-02 9.171428195207215542e-03 6.713072161535537166e-03
-5.547309816645801250e-01 5.026402531824403219e-01 -1.646981748456791017e+00 4.955572932851142753e-01 -2.135961755674291584e-01 5.964800190780581435e-01 5.851149245180637948e-01 -1.726909924501617843e-01 -2.032063775184053678e-02 1.282951605074575674e-01 -4.074170836234362360e-03 1.404418277422715342e-02 2.015792021718694829e-02 2.694495206744768750e-02 4.135205516217799193e-02 4.532449541544999322e-02 -8.297455161863557084e-04 -3.827139353562089563e-04 -7.856834722567332396e-03 -1.542458438649380080e-04 -1.756189253661926981e-03 9.171428195207215542e-03 2.402776382381895115e-02 7.229087600255190531e-03
-1.119767561410686563e+00 4.342868423892938812e-01 -3.923087834361994042e-01 1.280202648538889321e+00 -5.432908109218881343e-01 7.628597970626397329e-01 3.824314994637385556e-01 -4.209096055380330270e-01 6.937917417798251940e-02 7.439200427778989988e-02 3.641431990390435469e-02 7.372110391455624634e-02 3.525404986285020359e-02 4.157372465538099714e-03 -7.322429697191876370e-03 2.749162168896269326e-02 4.391630807070259247e-03 3.460819934526082348e-03 6.198456550766034967e-03 5.739282812270570314e-03 5.640980215335914330e-03 6.713072161535537166e-03 7.229087600255190531e-03 1.331509666041655673e-02
