8.438042283463650165e+03 1.649456241351864492e+03 7.287501445193641985e+02 -1.545919152392282001e+02 5.193865966717531819e+02 4.934640450771386213e+02 2.345849220000314617e+01 -2.749262505550190667e+02 2.889274795354807068e+01 7.743556149903371022e+01 -2.562970778716975673e+01 8.276788871203498843e+01 -3.832633164951938909e+01 -1.764303256553047561e+01 1.290131349102213498e+01 -4.595723311582086801e+00 7.147628482599357902e+00 -5.854815078150925167e+00 2.198794861850290605e+00 -2.995024396351914753e+00 -1.426271288068365894e+00 -1.268018290046138086e+00 -5.361609755054778104e-01 -1.254374190180160165e+00
1.649456241351864492e+03 8.570633100185264993e+03 -7.172338214363484212e+02 -1.883247754660355895e+02 7.344367200670639022e+02 -2.824612523337556240e+02 1.696055009361959947e+02 -1.259438502074819866e+02 2.506506339889407684e+02 1.130290443186468963e+02 3.051218436936117229e+01 5.762449445184631713e+01 3.189860535180725876e+01 -1.356474449582461084e+01 1.426942589851637955e+01 1.688822240593277257e+01 6.395075892633417247e+00 -9.802985600666280774e-01 -6.995190309615065161e+00 1.111672114219351304e+00 -1.980067863137847661e+00 -8.603832617759421542e-01 2.513862395200903155e+00 1.290580306569713231e+00
7.287501445193641985e+02 -7.172338214363484212e+02 3.919329923897368644e+03 2.359821508360073850e+01 3.062988889940854165e+00 -1.288550076792794243e+02 -1.027285073432512164e+01 8.973491413234089009e+01 6.194299341420138205e+01 2.365837279083542555e+01 -2.823713372439785374e+01 -1.086229658872305048e+00 -3.034246981369935980e+01 8.723004189837052280e+00 -1.558483750576735050e+00 -3.343615862485232793e+00 2.679129883101034171e+00 2.320250357291706589e-01 1.222650824073087339e+00 -1.373123250303150966e-01 2.336029264004955419e-01 -6.484852323445883249e-01 -7.260131811894645626e-01 -5.885575919624579377e-01
-1.545919152392282001e+02 -1.883247754660355895e+02 2.359821508360073850e+01 3.944972823707483712e+03 2.791301258253997730e+02 3.143218590995890622e+02 5.812494358977448883e+01 -1.643126390701448969e+01 7.838770680173927019e+01 4.645236764283639985e+01 1.025189235479150085e+01 2.403796646120121139e+01 3.074835154521228375e+01 3.152011120479492590e+01 1.674479036487188655e+00 -2.531284615402694005e+00 -5.387351003581089870e+00 -3.242566854604287396e+00 4.214990799625799589e+00 4.855695268133545461e+00 1.529023323078554819e+00 -1.377689384193072630e-01 -8.044581095123851666e-01 9.329320994553116364e-01
5.193865966717531819e+02 7.344367200670639022e+02 3.062988889940854165e+00 2.791301258253997730e+02 1.344884827923852527e+03 -1.644379399900532519e+02 -4.649183091990968819e+01 1.003080294258039658e+02 -8.152083719300868836e+00 3.968770147398836201e+01 -1.378127026987036929e+00 2.323629730965568285e+01 1.517212205609496856e+01 5.186107213958870865e+00 1.231611218373929972e+01 6.084571851519362085e+00 3.198359906682453957e+00 -3.229927053253224045e+00 -1.060754159834303101e+00 7.284831175704788997e-01 -5.144726935866081874e-01 -3.309082877845448412e-02 -1.419339565906742040e-01 -8.647160260550033062e-01
4.934640450771386213e+02 -2.824612523337556240e+02 -1.288550076792794243e+02 3.143218590995890622e+02 -1.644379399900532519e+02 9.100041055616676431e+02 -1.077016228442278845e+00 1.403245112762400559e+01 6.760925677162423142e+01 1.888901034751702923e+01 1.287823426324216314e+00 5.947888146861321168e+00 1.282698321196769964e+00 1.026665436247240271e+00 7.898874535390754126e-01 5.150764800906816987e+00 1.131761449819697285e+00 -1.739039177326133112e+00 8.762424919468395634e-01 -3.256531942366864413e-02 5.547078995824257230e-01 5.667133555470258433e-01 7.755523977430133220e-01 1.022998119629340730e+00
2.345849220000314617e+01 1.696055009361959947e+02 -1.027285073432512164e+01 5.812494358977448883e+01 -4.649183091990968819e+01 -1.077016228442278845e+00 2.443782663875480523e+02 -4.160551498105352408e+01 -8.652377339170589821e+00 -4.457457702280399836e+00 1.276089302483636390e+00 1.685089713911573739e+01 3.044155158512378279e+00 1.190635913404157797e+01 1.590222463930298868e+00 4.610908589259831381e+00 2.727972050509055446e-01 1.373800354087373776e+00 6.196777943706334169e-01 -2.768372467251530300e-01 4.840995163710122284e-01 6.293181991562818434e-01 5.927817474692388400e-01 3.382997237341288654e-01
-2.749262505550190667e+02 -1.259438502074819866e+02 8.973491413234089009e+01 -1.643126390701448969e+01 1.003080294258039658e+02 1.403245112762400559e+01 -4.160551498105352408e+01 2.707867555727304989e+02 1.197134104090932283e+01 -1.582457580087729099e+01 8.523479312064630165e+00 -7.323820796651571818e+00 7.965789799644139357e+00 5.852855441617468735e+00 2.465470881273512216e+00 -6.871568624864557995e-01 7.886702618639166440e-01 1.957259299037119593e+00 -1.243127460239212140e-01 -4.460643373226816921e-01 -1.025300014792161152e+00 -5.056357810876562775e-01 1.337492007784141512e-01 -3.811974112739184850e-01
2.889274795354807068e+01 2.506506339889407684e+02 6.194299341420138205e+01 7.838770680173927019e+01 -8.152083719300868836e+00 6.760925677162423142e+01 -8.652377339170589821e+00 1.197134104090932283e+01 1.047983207535240382e+02 6.495191947820872613e+00 -5.856014513097721697e+00 2.004253337791210843e+00 -6.149633625855245311e-01 7.724186546871831816e-01 2.278657135971680625e-01 2.095809168810276901e+00 1.170775750371182145e-01 -6.013739215443315578e-01 -4.747729985275485065e-01 2.012520822957843125e-01 -2.888712698549197530e-02 -3.930579915251183332e-01 7.738471472408713081e-02 3.287884505778369548e-01
7.743556149903371022e+01 1.130290443186468963e+02 2.365837279083542555e+01 4.645236764283639985e+01 3.968770147398836201e+01 1.888901034751702923e+01 -4.457457702280399836e+00 -1.582457580087729099e+01 6.495191947820872613e+00 4.517480530378733761e+01 8.905812082478405500e+00 2.670871384257987646e+00 1.952038617379291130e-01 -1.638086720703530785e+00 1.299076860409548839e+00 1.650028636749087507e+00 1.218943055516913843e+00 -1.566569140340486610e-01 1.132940677117143385e-01 3.346198900354425132e-01 4.628534470601875644e-02 -1.649911891662461938e-01 1.253679788596037403e-01 8.695896309099956922e-02
-2.562970778716975673e+01 3.051218436936117229e+01 -2.823713372439785374e+01 1.025189235479150085e+01 -1.378127026987036929e+00 1.287823426324216314e+00 1.276089302483636390e+00 8.523479312064630165e+00 -5.856014513097721697e+00 8.905812082478405500e+00 2.928840646545997117e+01 3.302260936446760109e+00 3.366717952301865324e+00 5.187309239081109302e-01 1.079057829392615853e+00 1.698493860577724224e+00 4.956974457912252663e-01 7.179304161687538599e-01 2.845068100395665711e-01 2.884116027245621217e-01 1.079123025892768650e-01 2.956366223416780070e-02 -7.119372231225550018e-02 3.851011620046929096e-02
8.276788871203498843e+01 5.762449445184631713e+01 -1.086229658872305048e+00 2.403796646120121139e+01 2.323629730965568285e+01 5.947888146861321168e+00 1.685089713911573739e+01 -7.323820796651571818e+00 2.004253337791210843e+00 2.670871384257987646e+00 3.302260936446760109e+00 1.591768172997174879e+01 2.341171132760528906e+00 1.915396129342006759e+00 6.195328341615224943e-01 8.433923679664839801e-01 3.534382893579198770e-01 2.085671604583004823e-01 -3.659564832105693943e-02 1.091004672300785044e-01 1.201422430579546230e-01 5.919615484075057416e-02 6.304356466540579629e-02 1.003404600075308573e-01
-3.832633164951938909e+01 3.189860535180725876e+01 -3.034246981369935980e+01 3.074835154521228375e+01 1.517212205609496856e+01 1.282698321196769964e+00 3.044155158512378279e+00 7.965789799644139357e+00 -6.149633625855245311e-01 1.952038617379291130e-01 3.366717952301865324e+00 2.341171132760528906e+00 5.902169778008071965e+00 3.581366918167341318e-01 8.535836463278314579e-01 5.436437495410737508e-01 3.570708379460154069e-01 1.276214407834048992e-01 -2.275657307910293123e-02 6.988921569775408127e-02 9.916241499380197555e-02 -2.394809173699694385e-02 2.156065397477389609e-02 3.697324077437202233e-02
-1.764303256553047561e+01 -1.356474449582461084e+01 8.723004189837052280e+00 3.152011120479492590e+01 5.186107213958870865e+00 1.026665436247240271e+00 1.190635913404157797e+01 5.852855441617468735e+00 7.724186546871831816e-01 -1.638086720703530785e+00 5.187309239081109302e-01 1.915396129342006759e+00 3.581366918167341318e-01 3.940698533817324822e+00 2.835678907164785323e-01 7.739659124120312761e-02 -3.063873109615223300e-01 2.301202426855962144e-02 1.745517176890095182e-02 -5.442216936229717777e-02 -1.985851241176739279e-02 -2.412128116690871391e-02 1.982263059561529747e-02 1.673713614654396067e-02
1.290131349102213498e+01 1.426942589851637955e+01 -1.558483750576735050e+00 1.674479036487188655e+00 1.231611218373929972e+01 7.898874535390754126e-01 1.590222463930298868e+00 2.465470881273512216e+00 2.278657135971680625e-01 1.299076860409548839e+00 1.079057829392615853e+00 6.195328341615224943e-01 8.535836463278314579e-01 2.835678907164785323e-01 1.495042636848153750e+00 2.771293562798230470e-01 1.260328403392720620e-01 6.556730999668716753e-02 -8.262955925670839585e-02 2.777589768685690547e-02 1.217348168286972766e-02 -2.047176072123546922e-02 4.940600343164879699e-02 -1.316566317349908248e-02
-4.595723311582086801e+00 1.688822240593277257e+01 -3.343615862485232793e+00 -2.531284615402694005e+00 6.084571851519362085e+00 5.150764800906816987e+00 4.610908589259831381e+00 -6.871568624864557995e-01 2.095809168810276901e+00 1.650028636749087507e+00 1.698493860577724224e+00 8.433923679664839801e-01 5.436437495410737508e-01 7.739659124120312761e-02 2.771293562798230470e-01 1.193574038111988367e+00 1.417017698772680689e-01 3.491780517107600373e-02 1.764979256259987736e-02 5.467029921763858630e-02 -5.796187623833282945e-04 2.498978243490539500e-02 5.775512958225850063e-02 5.790265999074771519e-02
7.147628482599357902e+00 6.395075892633417247e+00 2.679129883101034171e+00 -5.387351003581089870e+00 3.198359906682453957e+00 1.131761449819697285e+00 2.727972050509055446e-01 7.886702618639166440e-01 1.170775750371182145e-01 1.218943055516913843e+00 4.956974457912252663e-01 3.534382893579198770e-01 3.570708379460154069e-01 -3.063873109615223300e-01 1.260328403392720620e-01 1.417017698772680689e-01 4.977059433175197167e-01 3.912048755930493983e-03 7.110756367348063101e-02 5.083154681925006885e-02 1.357861930870033970e-02 1.751410769016924912e-02 3.316593596286171539e-03 1.503649900076091915e-02
-5.854815078150925167e+00 -9.802985600666280774e-01 2.320250357291706589e-01 -3.242566854604287396e+00 -3.229927053253224045e+00 -1.739039177326133112e+00 1.373800354087373776e+00 1.957259299037119593e+00 -6.013739215443315578e-01 -1.566569140340486610e-01 7.179304161687538599e-01 2.085671604583004823e-01 1.276214407834048992e-01 2.301202426855962144e-02 6.556730999668716753e-02 3.491780517107600373e-02 3.912048755930493983e-03 3.087684787636971739e-01 3.615017180347557951e-02 3.241201653825735718e-02 3.144990818430151713e-02 1.312641863229639834e-02 2.070122448655675306e-03 3.263412762767215532e-03
2.198794861850290605e+00 -6.995190309615065161e+00 1.222650824073087339e+00 4.214990799625799589e+00 -1.060754159834303101e+00 8.762424919468395634e-01 6.196777943706334169e-01 -1.243127460239212140e-01 -4.747729985275485065e-01 1.132940677117143385e-01 2.845068100395665711e-01 -3.659564832105693943e-02 -2.275657307910293123e-02 1.745517176890095182e-02 -8.262955925670839585e-02 1.764979256259987736e-02 7.110756367348063101e-02 3.615017180347557951e-02 1.174889711386208208e-01 2.390742319223026699e-02 1.667983751678706744e-02 1.137477356499605637e-02 -1.052074329506433661e-02 3.773560926919158637e-03
-2.995024396351914753e+00 1.111672114219351304e+00 -1.373123250303150966e-01 4.855695268133545461e+00 7.284831175704788997e-01 -3.256531942366864413e-02 -2.768372467251530300e-01 -4.460643373226816921e-01 2.012520822957843125e-01 3.346198900354425132e-01 2.884116027245621217e-01 1.091004672300785044e-01 6.988921569775408127e-02 -5.442216936229717777e-02 2.777589768685690547e-02 5.467029921763858630e-02 5.083154681925006885e-02 3.241201653825735718e-02 2.390742319223026699e-02 8.221603951307621116e-02 2.520860451667224916e-02 3.129593819422136439e-03 4.290421993060943365e-04 7.880974513369018095e-03
-1.426271288068365894e+00 -1.980067863137847661e+00 2.336029264004955419e-01 1.529023323078554819e+00 -5.144726935866081874e-01 5.547078995824257230e-01 4.840995163710122284e-01 -1.025300014792161152e+00 -2.888712698549197530e-02 4.628534470601875644e-02 1.079123025892768650e-01 1.201422430579546230e-01 9.916241499380197555e-02 -1.985851241176739279e-02 1.217348168286972766e-02 -5.796187623833282945e-04 1.357861930870033970e-02 3.144990818430151713e-02 1.667983751678706744e-02 2.520860451667224916e-02 5.569962722744037364e-02 1.322069395676604524e-02 -1.453254001482649989e-05 8.846442807772924438e-03
-1.268018290046138086e+00 -8.603832617759421542e-01 -6.484852323445883249e-01 -1.377689384193072630e-01 -3.309082877845448412e-02 5.667133555470258433e-01 6.293181991562818434e-01 -5.056357810876562775e-01 -3.930579915251183332e-01 -1.649911891662461938e-01 2.956366223416780070e-02 5.919615484075057416e-02 -2.394809173699694385e-02 -2.412128116690871391e-02 -2.047176072123546922e-02 2.498978243490539500e-02 1.751410769016924912e-02 1.312641863229639834e-02 1.137477356499605637e-02 3.129593819422136439e-03 1.322069395676604524e-02 2.882757307699251176e-02 9.726935780219651828e-03 9.341295778771879776e-03
-5.361609755054778104e-01 2.513862395200903155e+00 -7.260131811894645626e-01 -8.044581095123851666e-01 -1.419339565906742040e-01 7.755523977430133220e-01 5.927817474692388400e-01 1.337492007784141512e-01 7.738471472408713081e-02 1.253679788596037403e-01 -7.119372231225550018e-02 6.304356466540579629e-02 2.156065397477389609e-02 1.982263059561529747e-02 4.940600343164879699e-02 5.775512958225850063e-02 3.316593596286171539e-03 2.070122448655675306e-03 -1.052074329506433661e-02 4.290421993060943365e-04 -1.453254001482649989e-05 9.726935780219651828e-03 2.346857611280391692e-02 8.898170491952092295e-03
-1.254374190180160165e+00 1.290580306569713231e+00 -5.885575919624579377e-01 9.329320994553116364e-01 -8.647160260550033062e-01 1.022998119629340730e+00 3.382997237341288654e-01 -3.811974112739184850e-01 3.287884505778369548e-01 8.695896309099956922e-02 3.851011620046929096e-02 1.003404600075308573e-01 3.697324077437202233e-02 1.673713614654396067e-02 -1.316566317349908248e-02 5.790265999074771519e-02 1.503649900076091915e-02 3.263412762767215532e-03 3.773560926919158637e-03 7.880974513369018095e-03 8.846442807772924438e-03 9.341295778771879776e-03 8.898170491952092295e-03 1.846749059076481167e-02
