1.000000000000000000e+00 -8.643966899973767881e-02 -8.872898227738365562e-02 -1.820539492232065362e-02 4.596348305487129443e-02 1.379296353698689914e-01 -3.393370368775234375e-02 -5.802881144831443030e-03 -9.201553362723749463e-02 6.280201096361109903e-02 1.642217534551038693e-01 2.405178451541850788e-03 1.587817676817253820e-04 3.010995658417876114e-02 -1.004778568861059013e-01 3.742711708214918609e-01 -2.211460607486390867e-02 -1.394141282062111575e-01 -1.162660150749327409e-01 -1.490706129127973845e-01 1.363074680764406535e-02 -8.576851405532505412e-02 -8.269340072152474297e-02 6.295977573712256865e-03
-8.643966899973767881e-02 1.000000000000000000e+00 1.719560284607221934e-01 -1.211197875887820297e-01 -4.242893360956388055e-02 1.248159498459702060e-01 -1.142578807599920060e-01 -1.664127370037373974e-02 8.828391204663547931e-02 1.698625827878312566e-01 3.418135774874606417e-03 1.256134103546982794e-01 -1.162516166367497245e-01 7.247076866107456106e-02 2.617887062350981453e-01 3.786436439987937025e-02 1.872752765840807465e-01 9.247799762062441919e-02 1.104556151633826061e-01 -9.860364808145954604e-03 -1.303760116719931972e-01 2.861189907567918134e-01 2.203011035762421355e-01 2.825570001500000983e-02
-8.872898227738365562e-02 1.719560284607221934e-01 1.000000000000000000e+00 5.341979809567036497e-02 1.495896385495623648e-01 -7.110765414820059693e-02 -7.596317014456289984e-02 8.361379062209073343e-02 -4.729923099531886665e-02 2.117031902289406853e-02 -4.722697936681582997e-02 1.162474960785013500e-02 2.644652040338065779e-01 -1.069052369117030332e-01 3.244991073073644205e-02 -1.126064482942285144e-01 3.413686657594815904e-02 2.176591850377057602e-01 8.203081895581702809e-02 1.620025408251535848e-01 1.340330506910455965e-02 2.130366107963578282e-01 1.839657036861818695e-01 -2.498115783752541050e-02
-1.820539492232065362e-02 -1.211197875887820297e-01 5.341979809567036497e-02 1.000000000000000000e+00 2.476546972169814398e-01 1.866049712445860265e-01 8.893162775632172667e-02 7.420310188061154943e-02 -8.854912128327859996e-03 -1.082261098262641275e-01 1.388595307756016785e-02 -3.265025477089721073e-02 7.613786839665478978e-02 3.524151462755065189e-02 3.243981300209883983e-02 1.755466560575338550e-02 -1.521325329898336465e-01 5.801727896210267382e-02 5.571206417774891839e-02 2.659465399938414423e-02 -1.019120335605878946e-01 1.295495231883268816e-01 1.409508530762439982e-01 6.458156224046619764e-02
4.596348305487129443e-02 -4.242893360956388055e-02 1.495896385495623648e-01 2.476546972169814398e-01 1.000000000000000000e+00 2.083454447146954880e-01 1.023887891802008343e-01 1.066420570906386062e-01 -1.398835098820437953e-02 -2.931530128407994554e-02 1.167119780535593940e-02 2.118935207054941094e-01 1.726793496134143013e-01 1.072566908306383654e-01 -7.707227995744685145e-02 -7.269985450810499683e-02 2.184581842113750283e-02 5.291171567011408033e-02 1.385623685034983454e-01 2.306356525637999200e-01 1.038350756515675072e-01 8.071348406755590732e-02 2.152301591137545655e-01 4.497288510228005659e-02
1.379296353698689914e-01 1.248159498459702060e-01 -7.110765414820059693e-02 1.866049712445860265e-01 2.083454447146954880e-01 1.000000000000000000e+00 -1.341746525402874035e-01 -8.391447882592467655e-03 -1.976974894661766638e-02 1.459215589809910452e-01 1.479509328391238332e-01 3.595695853650372753e-02 -1.541392718614501833e-01 1.246047023389434613e-02 -3.820388627892386257e-02 4.641907374262231795e-04 -4.027926498978590120e-02 -4.626379177687130889e-02 1.768635181595948069e-01 -5.587032539708078338e-02 -7.289319440527280980e-02 -1.248908228157331185e-01 9.669272624402343308e-02 -1.406291554370077690e-01
-3.393370368775234375e-02 -1.142578807599920060e-01 -7.596317014456289984e-02 8.893162775632172667e-02 1.023887891802008343e-01 -1.341746525402874035e-01 1.000000000000000000e+00 7.007545661409524118e-02 -6.060065972837110765e-02 -3.922758196176707318e-02 -9.662201908161568986e-02 -4.606490768538307190e-02 -3.288778526032869881e-02 2.754274247675552734e-01 -1.440112412587055690e-01 1.349418351514227454e-01 5.917302860903916190e-02 3.623234237241178962e-02 1.776082662665404155e-02 -1.557406851615775190e-01 -2.188792590947143402e-01 4.886943135119346804e-02 7.046685366931872141e-02 8.243835292283697991e-02
-5.802881144831443030e-03 -1.664127370037373974e-02 8.361379062209073343e-02 7.420310188061154943e-02 1.066420570906386062e-01 -8.391447882592467655e-03 7.007545661409524118e-02 1.000000000000000000e+00 -3.409195026341182294e-02 -3.129168071573749654e-01 -1.730081396226256230e-01 1.128136185681158019e-02 9.700334036944646687e-03 6.442241575768566098e-02 -9.127833474700186578e-02 -4.671607205275853103e-02 -1.830928513790471002e-01 2.188367613374991305e-01 2.469316163008413931e-02 1.856539586146096765e-01 -1.274904012923260554e-01 6.601101780922118134e-02 2.084125054046850334e-01 2.734773753697531187e-02
-9.201553362723749463e-02 8.828391204663547931e-02 -4.729923099531886665e-02 -8.854912128327859996e-03 -1.398835098820437953e-02 -1.976974894661766638e-02 -6.060065972837110765e-02 -3.409195026341182294e-02 1.000000000000000000e+00 3.607884950544839459e-02 -1.251139413337571116e-01 1.439455667716491895e-02 -2.611201132229130639e-01 -1.886284093424415442e-01 -5.897072902415447654e-02 5.379753536453397988e-02 4.746370254375328890e-02 -7.075635891502386754e-02 1.780749723381923680e-02 1.482719370076994621e-02 -8.358998441288684189e-02 -1.753091397712007796e-02 1.046660078194144028e-01 1.662049526438912073e-01
6.280201096361109903e-02 1.698625827878312566e-01 2.117031902289406853e-02 -1.082261098262641275e-01 -2.931530128407994554e-02 1.459215589809910452e-01 -3.922758196176707318e-02 -3.129168071573749654e-01 3.607884950544839459e-02 1.000000000000000000e+00 1.026815893601006474e-01 -2.737358923194200405e-03 5.086596525662463730e-02 9.350774958015688199e-02 1.032462422007271730e-01 1.446271110530565063e-01 2.283272458947511185e-01 -1.049871184645573968e-01 8.865293481347591431e-02 -1.117295712474159763e-01 4.063809244350497646e-02 -1.534641529661235626e-01 -4.969144044115940059e-03 -4.456119629128119097e-02
1.642217534551038693e-01 3.418135774874606417e-03 -4.722697936681582997e-02 1.388595307756016785e-02 1.167119780535593940e-02 1.479509328391238332e-01 -9.662201908161568986e-02 -1.730081396226256230e-01 -1.251139413337571116e-01 1.026815893601006474e-01 1.000000000000000000e+00 -3.421472500615252432e-02 2.947129693226254940e-02 1.336399122046320886e-01 7.319798750839895396e-02 -1.273067941836179134e-02 6.886659924532091692e-02 2.039521159471030798e-01 2.133881362929996098e-02 -1.241522668166042814e-01 2.578669948406724366e-01 -1.022943117065196472e-01 5.783375978214549268e-02 -3.685734962215841265e-02
2.405178451541850788e-03 1.256134103546982794e-01 1.162474960785013500e-02 -3.265025477089721073e-02 2.118935207054941094e-01 3.595695853650372753e-02 -4.606490768538307190e-02 1.128136185681158019e-02 1.439455667716491895e-02 -2.737358923194200405e-03 -3.421472500615252432e-02 1.000000000000000000e+00 9.944536511711341009e-02 -2.004531110664175067e-02 -1.225472388691468822e-01 -1.463446759387271832e-02 -6.261790496132577100e-02 -1.440763142799162400e-01 -1.451445906059138369e-01 -7.075814391544159310e-02 -2.042904777403579952e-02 3.045006893078184840e-01 3.344879722686532053e-02 1.706247557577165175e-01
1.587817676817253820e-04 -1.162516166367497245e-01 2.644652040338065779e-01 7.613786839665478978e-02 1.726793496134143013e-01 -1.541392718614501833e-01 -3.288778526032869881e-02 9.700334036944646687e-03 -2.611201132229130639e-01 5.086596525662463730e-02 2.947129693226254940e-02 9.944536511711341009e-02 1.000000000000000000e+00 -2.018107346673461006e-02 -5.421243121520567115e-02 -1.508723183183906524e-01 -1.631491733839390140e-02 2.092539845052769631e-01 -1.799095108047772951e-01 4.860891740251089589e-03 1.206066189109694133e-02 -8.665581891093682154e-02 -1.795663146898833495e-01 -9.291592890602255739e-02
3.010995658417876114e-02 7.247076866107456106e-02 -1.069052369117030332e-01 3.524151462755065189e-02 1.072566908306383654e-01 1.246047023389434613e-02 2.754274247675552734e-01 6.442241575768566098e-02 -1.886284093424415442e-01 9.350774958015688199e-02 1.336399122046320886e-01 -2.004531110664175067e-02 -2.018107346673461006e-02 1.000000000000000000e+00 4.833881191810888989e-02 7.475588761724491493e-02 2.688160026645669554e-01 2.976231535564344832e-01 6.951321771488387646e-02 -6.270267915099272948e-02 2.103051161215211198e-03 -1.120087507077719285e-01 1.239069747686120243e-02 4.185532648287763891e-02
-1.004778568861059013e-01 2.617887062350981453e-01 3.244991073073644205e-02 3.243981300209883983e-02 -7.707227995744685145e-02 -3.820388627892386257e-02 -1.440112412587055690e-01 -9.127833474700186578e-02 -5.897072902415447654e-02 1.032462422007271730e-01 7.319798750839895396e-02 -1.225472388691468822e-01 -5.421243121520567115e-02 4.833881191810888989e-02 1.000000000000000000e+00 -1.478220699459075610e-02 -2.575396039276358073e-01 1.888113738775719710e-02 -1.678816787485526429e-02 1.768897775557231322e-01 1.828058030492286934e-01 -9.501899898665505662e-02 -1.569241881948984507e-01 -2.534385718369324692e-01
3.742711708214918609e-01 3.786436439987937025e-02 -1.126064482942285144e-01 1.755466560575338550e-02 -7.269985450810499683e-02 4.641907374262231795e-04 1.349418351514227454e-01 -4.671607205275853103e-02 5.379753536453397988e-02 1.446271110530565063e-01 -1.273067941836179134e-02 -1.463446759387271832e-02 -1.508723183183906524e-01 7.475588761724491493e-02 -1.478220699459075610e-02 1.000000000000000000e+00 -5.931789832159026221e-02 -7.620502408044793619e-02 -3.607111054159783947e-03 -3.660244191127662305e-02 -2.329416527173452933e-01 -1.418588800800999472e-01 4.341666714454745640e-02 1.721220806971033440e-02
-2.211460607486390867e-02 1.872752765840807465e-01 3.413686657594815904e-02 -1.521325329898336465e-01 2.184581842113750283e-02 -4.027926498978590120e-02 5.917302860903916190e-02 -1.830928513790471002e-01 4.746370254375328890e-02 2.283272458947511185e-01 6.886659924532091692e-02 -6.261790496132577100e-02 -1.631491733839390140e-02 2.688160026645669554e-01 -2.575396039276358073e-01 -5.931789832159026221e-02 1.000000000000000000e+00 9.273345752766211023e-03 2.147265355480942328e-01 -1.251958518444085400e-01 2.671654906436336102e-02 -5.320779213167774191e-02 8.466215227787245168e-02 2.651434385163967122e-01
-1.394141282062111575e-01 9.247799762062441919e-02 2.176591850377057602e-01 5.801727896210267382e-02 5.291171567011408033e-02 -4.626379177687130889e-02 3.623234237241178962e-02 2.188367613374991305e-01 -7.075635891502386754e-02 -1.049871184645573968e-01 2.039521159471030798e-01 -1.440763142799162400e-01 2.092539845052769631e-01 2.976231535564344832e-01 1.888113738775719710e-02 -7.620502408044793619e-02 9.273345752766211023e-03 1.000000000000000000e+00 -1.117208349735973778e-02 2.202811267491112945e-01 -1.737531209224079665e-01 4.516464508310076564e-02 7.290421398212749982e-02 2.172734909247261287e-02
-1.162660150749327409e-01 1.104556151633826061e-01 8.203081895581702809e-02 5.571206417774891839e-02 1.385623685034983454e-01 1.768635181595948069e-01 1.776082662665404155e-02 2.469316163008413931e-02 1.780749723381923680e-02 8.865293481347591431e-02 2.133881362929996098e-02 -1.451445906059138369e-01 -1.799095108047772951e-01 6.951321771488387646e-02 -1.678816787485526429e-02 -3.607111054159783947e-03 2.147265355480942328e-01 -1.117208349735973778e-02 1.000000000000000000e+00 1.339322441609220593e-01 1.210337280151274897e-01 -2.118079150337459290e-02 2.540958943001130899e-01 -3.354232474370413830e-02
-1.490706129127973845e-01 -9.860364808145954604e-03 1.620025408251535848e-01 2.659465399938414423e-02 2.306356525637999200e-01 -5.587032539708078338e-02 -1.557406851615775190e-01 1.856539586146096765e-01 1.482719370076994621e-02 -1.117295712474159763e-01 -1.241522668166042814e-01 -7.075814391544159310e-02 4.860891740251089589e-03 -6.270267915099272948e-02 1.768897775557231322e-01 -3.660244191127662305e-02 -1.251958518444085400e-01 2.202811267491112945e-01 1.339322441609220593e-01 1.000000000000000000e+00 2.743128597829220250e-01 -1.353832079184254591e-02 2.036173899604137860e-02 -6.365254499547798317e-02
1.363074680764406535e-02 -1.303760116719931972e-01 1.340330506910455965e-02 -1.019120335605878946e-01 1.038350756515675072e-01 -7.289319440527280980e-02 -2.188792590947143402e-01 -1.274904012923260554e-01 -8.358998441288684189e-02 4.063809244350497646e-02 2.578669948406724366e-01 -2.042904777403579952e-02 1.206066189109694133e-02 2.103051161215211198e-03 1.828058030492286934e-01 -2.329416527173452933e-01 2.671654906436336102e-02 -1.737531209224079665e-01 1.210337280151274897e-01 2.743128597829220250e-01 1.000000000000000000e+00 -1.456416679892673718e-02 -1.184606825477592384e-01 -1.823177793024679527e-01
-8.576851405532505412e-02 2.861189907567918134e-01 2.130366107963578282e-01 1.295495231883268816e-01 8.071348406755590732e-02 -1.248908228157331185e-01 4.886943135119346804e-02 6.601101780922118134e-02 -1.753091397712007796e-02 -1.534641529661235626e-01 -1.022943117065196472e-01 3.045006893078184840e-01 -8.665581891093682154e-02 -1.120087507077719285e-01 -9.501899898665505662e-02 -1.418588800800999472e-01 -5.320779213167774191e-02 4.516464508310076564e-02 -2.118079150337459290e-02 -1.353832079184254591e-02 -1.456416679892673718e-02 1.000000000000000000e+00 3.296191030420107526e-01 2.799430258995329046e-01
-8.269340072152474297e-02 2.203011035762421355e-01 1.839657036861818695e-01 1.409508530762439982e-01 2.152301591137545655e-01 9.669272624402343308e-02 7.046685366931872141e-02 2.084125054046850334e-01 1.046660078194144028e-01 -4.969144044115940059e-03 5.783375978214549268e-02 3.344879722686532053e-02 -1.795663146898833495e-01 1.239069747686120243e-02 -1.569241881948984507e-01 4.341666714454745640e-02 8.466215227787245168e-02 7.290421398212749982e-02 2.540958943001130899e-01 2.036173899604137860e-02 -1.184606825477592384e-01 3.296191030420107526e-01 1.000000000000000000e+00 4.136408439911832269e-01
6.295977573712256865e-03 2.825570001500000983e-02 -2.498115783752541050e-02 6.458156224046619764e-02 4.497288510228005659e-02 -1.406291554370077690e-01 8.243835292283697991e-02 2.734773753697531187e-02 1.662049526438912073e-01 -4.456119629128119097e-02 -3.685734962215841265e-02 1.706247557577165175e-01 -9.291592890602255739e-02 4.185532648287763891e-02 -2.534385718369324692e-01 1.721220806971033440e-02 2.651434385163967122e-01 2.172734909247261287e-02 -3.354232474370413830e-02 -6.365254499547798317e-02 -1.823177793024679527e-01 2.799430258995329046e-01 4.136408439911832269e-01 1.000000000000000000e+00
