7.454811394029945404e+03 1.477322540171597439e+03 7.278205836008112328e+02 2.776407016788436408e+02 7.010148118298334907e+01 3.779430175339301172e+02 -5.110947653054542172e+01 -7.505942493275942695e+01 -9.691178305573675544e+00 1.157318236316804132e+02 -7.496918933874003699e+01 5.824571029041212711e+01 -2.604704305485757843e+01 -6.733801332374251380e+00 8.681213790526204122e+00 1.238654892685536468e-01 7.513131363767374005e+00 -7.501301478950939128e+00 6.142772078500292610e-01 -3.724147049895500938e+00 1.386620549357739041e+00 2.197452397717334915e-01 3.156909790762200130e-01 4.805725108387540884e-02
1.477322540171597439e+03 9.509825505780170715e+03 -1.837989154763438080e+02 -2.783549634955679721e+02 1.522863165851648546e+02 -2.535922856919029016e+02 8.899878046623888039e+00 -5.977278162277738716e+01 2.210780330375346807e+02 1.119319573531665526e+02 4.732569145873333127e+01 6.432299703757399811e+01 3.571540545751982165e+01 -8.921828715202432036e+00 1.373601914451130490e+01 6.369605599943728436e+00 3.689401388430725959e+00 -8.066813648428288630e+00 -6.355415521551959657e+00 1.102392847826701772e+00 -1.475582327277606298e+00 -2.426206284016457493e-01 5.442296809590950746e-01 5.456935267634540621e-01
7.278205836008112328e+02 -1.837989154763438080e+02 4.030316889159624679e+03 2.155015327579499029e+01 -1.453977525457071351e+02 -1.964965983748890466e+01 -1.234445603959742233e+00 3.622596557388573046e+01 1.550135044062314478e+02 5.957463199817765087e+01 -3.247079681807799290e+01 -1.125298063433592333e+01 -2.287707221792389234e+01 5.043653166373995411e+00 -1.251508004337878965e+01 5.073661601991659609e+00 4.772125532067918452e-01 -5.228685314898059433e-01 1.708283406585737740e+00 1.545866154904496526e+00 1.506866084576595544e+00 -3.418438011931747567e-01 -8.584242769344627710e-01 3.808722238599259735e-01
2.776407016788436408e+02 -2.783549634955679721e+02 2.155015327579499029e+01 3.601488323080581267e+03 1.441497074424167124e+02 3.751399212974123429e+02 9.328368273074141825e+01 1.860503842985558620e+01 8.268884358248594424e+01 3.313154915203762840e+01 -5.544883868081666556e+00 2.728364912581966450e+01 2.093642014085387615e+01 1.879400703912728332e+01 5.895576320217803534e+00 3.639753982309993141e+00 3.825780101822280899e-01 1.603644556595297033e+00 4.595761406364137436e+00 4.673035601653777960e+00 1.850597802505147049e+00 1.855725550393211520e+00 7.155298745125860949e-01 1.307477126279617652e+00
7.010148118298334907e+01 1.522863165851648546e+02 -1.453977525457071351e+02 1.441497074424167124e+02 1.191528937632420138e+03 -2.853252055193530268e+01 -2.570839505044983930e+00 1.056504059910619588e+02 -4.080209394948007429e+01 2.146187806785068730e+01 -1.341842530492508700e+01 4.743313629716194413e+00 1.863174304912911339e+01 1.238768782606066843e+01 1.103935088030467782e+01 4.492516382030537159e+00 -2.151655245840851993e+00 -2.627696518057387021e+00 -1.358048978940390228e+00 -1.057519441657047921e+00 2.880914123907432067e-01 -5.128961635649142980e-01 -4.216967401353591272e-01 -9.556075988569235902e-01
3.779430175339301172e+02 -2.535922856919029016e+02 -1.964965983748890466e+01 3.751399212974123429e+02 -2.853252055193530268e+01 7.961585098492810175e+02 2.420352730280791675e+01 6.580365207981664355e+01 7.448890075410697875e+01 1.631040107409776141e+01 7.478578478999978962e+00 3.645247493156212215e+00 3.149095700520979868e+00 3.921931255737755695e+00 3.289111685670808694e+00 5.382912078974830372e+00 4.150375015688749780e-01 -1.982262434277584751e+00 4.647442890048526509e-01 1.381422787405768848e-01 9.010844113381951681e-01 4.682277228505936639e-01 7.067184545129392426e-01 9.205941792345834207e-01
-5.110947653054542172e+01 8.899878046623888039e+00 -1.234445603959742233e+00 9.328368273074141825e+01 -2.570839505044983930e+00 2.420352730280791675e+01 2.132084658677232483e+02 -7.295715921762038647e+01 2.209463335288346375e+00 9.890941147375672315e+00 -7.725001597696272704e+00 8.295225012306618240e+00 -6.457623649338776195e-01 8.050516171049853398e+00 3.924456779498367021e-01 2.414147343168624005e+00 -5.417957321002961901e-01 3.895798709312503494e-01 -2.872220249305424966e-01 -6.245601058910746906e-01 4.121680876323508547e-01 7.584369659764657046e-01 6.674758705790055924e-01 3.653240200958633999e-01
-7.505942493275942695e+01 -5.977278162277738716e+01 3.622596557388573046e+01 1.860503842985558620e+01 1.056504059910619588e+02 6.580365207981664355e+01 -7.295715921762038647e+01 2.301067345148507854e+02 1.241159056666706384e+01 -1.968196523736552095e+01 -5.475754019742564260e+00 -7.233491290853860889e+00 7.710567664881752492e+00 4.921785302859813527e+00 1.815899873650584917e+00 -1.428468134042178983e+00 3.957339578056562890e-01 7.311364504262740649e-01 -3.336889093658344518e-01 1.054262408270651916e-02 -8.506296574294837098e-01 -7.035232225237888493e-01 -2.757329176449395680e-01 -6.387780679767377512e-01
-9.691178305573675544e+00 2.210780330375346807e+02 1.550135044062314478e+02 8.268884358248594424e+01 -4.080209394948007429e+01 7.448890075410697875e+01 2.209463335288346375e+00 1.241159056666706384e+01 1.009028864637925125e+02 1.179523962672649695e+01 -1.493700029263779483e-01 -2.086308915535864728e+00 -2.088953485382521791e+00 3.134377703826796702e-01 8.405135047759706990e-02 1.139987047326721514e+00 6.459524428264680207e-01 -4.718902528097419502e-01 -2.236282661638852864e-01 -9.747555805014350427e-02 -1.207111788599258967e-01 -1.962198715827884743e-01 -2.670009506472304645e-02 4.136146437375595036e-02
1.157318236316804132e+02 1.119319573531665526e+02 5.957463199817765087e+01 3.313154915203762840e+01 2.146187806785068730e+01 1.631040107409776141e+01 9.890941147375672315e+00 -1.968196523736552095e+01 1.179523962672649695e+01 4.113920160759279554e+01 7.100989998272098980e+00 2.210483897907485229e+00 -8.494731606880789876e-01 -2.103713385480700637e+00 1.060527530991430378e+00 2.443573008376950906e+00 1.208732327561296005e+00 -6.963035270883199956e-01 2.244503363498820125e-01 2.709233796020119600e-01 1.894517610442744415e-01 -9.338058784776599730e-02 1.946623004277177604e-01 1.281362452235772775e-01
-7.496918933874003699e+01 4.732569145873333127e+01 -3.247079681807799290e+01 -5.544883868081666556e+00 -1.341842530492508700e+01 7.478578478999978962e+00 -7.725001597696272704e+00 -5.475754019742564260e+00 -1.493700029263779483e-01 7.100989998272098980e+00 2.554230418841395434e+01 3.847939317583192409e+00 3.437806324981299344e+00 -4.029839926464073296e-01 1.482098761915087826e+00 1.650147987002341665e+00 4.505809591331484953e-01 2.556744341988939628e-01 2.960965900005257390e-01 2.089399599502825000e-01 3.111161151451167714e-02 -5.186295361934107478e-02 -1.231910374784051937e-01 -5.214340110984792831e-02
5.824571029041212711e+01 6.432299703757399811e+01 -1.125298063433592333e+01 2.728364912581966450e+01 4.743313629716194413e+00 3.645247493156212215e+00 8.295225012306618240e+00 -7.233491290853860889e+00 -2.086308915535864728e+00 2.210483897907485229e+00 3.847939317583192409e+00 1.508155992732516104e+01 1.625388905757152003e+00 1.442439809908231840e+00 8.965249654915145028e-01 3.222888408210951572e-01 5.244240503521362395e-01 2.357592819123904004e-01 1.290740034339625253e-01 1.814231380019161177e-01 1.161785682880474013e-01 8.801711597582267954e-02 8.483194825426597406e-04 8.560795168624439622e-02
-2.604704305485757843e+01 3.571540545751982165e+01 -2.287707221792389234e+01 2.093642014085387615e+01 1.863174304912911339e+01 3.149095700520979868e+00 -6.457623649338776195e-01 7.710567664881752492e+00 -2.088953485382521791e+00 -8.494731606880789876e-01 3.437806324981299344e+00 1.625388905757152003e+00 5.260400507987741392e+00 -3.661501324896773157e-01 8.938111395936568782e-01 1.054600212085497063e-01 3.626247186738426054e-01 2.032474961429052707e-01 -3.472205237169865427e-02 5.156683643866132732e-02 9.842407000997147049e-02 -7.232401939229148730e-03 4.981471365310222513e-03 2.372335235585237845e-02
-6.733801332374251380e+00 -8.921828715202432036e+00 5.043653166373995411e+00 1.879400703912728332e+01 1.238768782606066843e+01 3.921931255737755695e+00 8.050516171049853398e+00 4.921785302859813527e+00 3.134377703826796702e-01 -2.103713385480700637e+00 -4.029839926464073296e-01 1.442439809908231840e+00 -3.661501324896773157e-01 3.793043920059675944e+00 2.900680141330682638e-01 6.682855698758603802e-02 -2.655753584519285337e-01 -7.052043017239519734e-03 -1.677956795912162111e-02 -5.687128872090813775e-02 -7.465931794375137154e-03 -9.495208392397478867e-03 2.819560206668712474e-02 -7.020756803335356094e-03
8.681213790526204122e+00 1.373601914451130490e+01 -1.251508004337878965e+01 5.895576320217803534e+00 1.103935088030467782e+01 3.289111685670808694e+00 3.924456779498367021e-01 1.815899873650584917e+00 8.405135047759706990e-02 1.060527530991430378e+00 1.482098761915087826e+00 8.965249654915145028e-01 8.938111395936568782e-01 2.900680141330682638e-01 1.420513721034435184e+00 1.533644215849061798e-01 1.302185764727674389e-01 1.522116303035506713e-01 3.966656183482022285e-02 3.752702572863304137e-02 1.032669879796190883e-02 3.662786337495517117e-03 5.780836449233434093e-02 4.933491516052071436e-04
1.238654892685536468e-01 6.369605599943728436e+00 5.073661601991659609e+00 3.639753982309993141e+00 4.492516382030537159e+00 5.382912078974830372e+00 2.414147343168624005e+00 -1.428468134042178983e+00 1.139987047326721514e+00 2.443573008376950906e+00 1.650147987002341665e+00 3.222888408210951572e-01 1.054600212085497063e-01 6.682855698758603802e-02 1.533644215849061798e-01 9.710288299993738992e-01 1.096533276170285481e-01 -8.281887678338867298e-02 1.312047527777460620e-03 2.493046069770651126e-03 -6.396917619959065432e-04 4.290809720343422527e-03 5.395053981485409961e-02 3.219207204013987966e-02
7.513131363767374005e+00 3.689401388430725959e+00 4.772125532067918452e-01 3.825780101822280899e-01 -2.151655245840851993e+00 4.150375015688749780e-01 -5.417957321002961901e-01 3.957339578056562890e-01 6.459524428264680207e-01 1.208732327561296005e+00 4.505809591331484953e-01 5.244240503521362395e-01 3.626247186738426054e-01 -2.655753584519285337e-01 1.302185764727674389e-01 1.096533276170285481e-01 4.600631711573658911e-01 1.372670767961209522e-02 2.473100147769427201e-02 2.042369435538076913e-02 2.093899772551336552e-02 1.105217377797687237e-02 9.122089057307224830e-03 1.904675606728259765e-02
-7.501301478950939128e+00 -8.066813648428288630e+00 -5.228685314898059433e-01 1.603644556595297033e+00 -2.627696518057387021e+00 -1.982262434277584751e+00 3.895798709312503494e-01 7.311364504262740649e-01 -4.718902528097419502e-01 -6.963035270883199956e-01 2.556744341988939628e-01 2.357592819123904004e-01 2.032474961429052707e-01 -7.052043017239519734e-03 1.522116303035506713e-01 -8.281887678338867298e-02 1.372670767961209522e-02 3.470760353942573539e-01 4.927288242682036773e-02 3.057307908912108504e-02 2.496255768955822976e-02 1.591119148148962756e-02 -1.942909483519106740e-03 1.422772738359283969e-03
6.142772078500292610e-01 -6.355415521551959657e+00 1.708283406585737740e+00 4.595761406364137436e+00 -1.358048978940390228e+00 4.647442890048526509e-01 -2.872220249305424966e-01 -3.336889093658344518e-01 -2.236282661638852864e-01 2.244503363498820125e-01 2.960965900005257390e-01 1.290740034339625253e-01 -3.472205237169865427e-02 -1.677956795912162111e-02 3.966656183482022285e-02 1.312047527777460620e-03 2.473100147769427201e-02 4.927288242682036773e-02 1.265074829753031482e-01 3.286411475027951196e-02 3.384820687792330224e-02 1.463183614813626070e-02 -6.122857492823654928e-03 9.060665096626022152e-03
-3.724147049895500938e+00 1.102392847826701772e+00 1.545866154904496526e+00 4.673035601653777960e+00 -1.057519441657047921e+00 1.381422787405768848e-01 -6.245601058910746906e-01 1.054262408270651916e-02 -9.747555805014350427e-02 2.709233796020119600e-01 2.089399599502825000e-01 1.814231380019161177e-01 5.156683643866132732e-02 -5.687128872090813775e-02 3.752702572863304137e-02 2.493046069770651126e-03 2.042369435538076913e-02 3.057307908912108504e-02 3.286411475027951196e-02 7.166050147820121619e-02 2.646698958909307967e-02 8.897124934061558313e-03 4.291944072214485921e-03 1.124891180475747106e-02
1.386620549357739041e+00 -1.475582327277606298e+00 1.506866084576595544e+00 1.850597802505147049e+00 2.880914123907432067e-01 9.010844113381951681e-01 4.121680876323508547e-01 -8.506296574294837098e-01 -1.207111788599258967e-01 1.894517610442744415e-01 3.111161151451167714e-02 1.161785682880474013e-01 9.842407000997147049e-02 -7.465931794375137154e-03 1.032669879796190883e-02 -6.396917619959065432e-04 2.093899772551336552e-02 2.496255768955822976e-02 3.384820687792330224e-02 2.646698958909307967e-02 6.219286285260023500e-02 1.534868355078800560e-02 3.096551726503746823e-03 1.298134685757957110e-02
2.197452397717334915e-01 -2.426206284016457493e-01 -3.418438011931747567e-01 1.855725550393211520e+00 -5.128961635649142980e-01 4.682277228505936639e-01 7.584369659764657046e-01 -7.035232225237888493e-01 -1.962198715827884743e-01 -9.338058784776599730e-02 -5.186295361934107478e-02 8.801711597582267954e-02 -7.232401939229148730e-03 -9.495208392397478867e-03 3.662786337495517117e-03 4.290809720343422527e-03 1.105217377797687237e-02 1.591119148148962756e-02 1.463183614813626070e-02 8.897124934061558313e-03 1.534868355078800560e-02 3.217304169583753287e-02 1.597461752485094047e-02 1.396780558708548073e-02
3.156909790762200130e-01 5.442296809590950746e-01 -8.584242769344627710e-01 7.155298745125860949e-01 -4.216967401353591272e-01 7.067184545129392426e-01 6.674758705790055924e-01 -2.757329176449395680e-01 -2.670009506472304645e-02 1.946623004277177604e-01 -1.231910374784051937e-01 8.483194825426597406e-04 4.981471365310222513e-03 2.819560206668712474e-02 5.780836449233434093e-02 5.395053981485409961e-02 9.122089057307224830e-03 -1.942909483519106740e-03 -6.122857492823654928e-03 4.291944072214485921e-03 3.096551726503746823e-03 1.597461752485094047e-02 3.634818926502197955e-02 1.683556760177883777e-02
4.805725108387540884e-02 5.456935267634540621e-01 3.808722238599259735e-01 1.307477126279617652e+00 -9.556075988569235902e-01 9.205941792345834207e-01 3.653240200958633999e-01 -6.387780679767377512e-01 4.136146437375595036e-02 1.281362452235772775e-01 -5.214340110984792831e-02 8.560795168624439622e-02 2.372335235585237845e-02 -7.020756803335356094e-03 4.933491516052071436e-04 3.219207204013987966e-02 1.904675606728259765e-02 1.422772738359283969e-03 9.060665096626022152e-03 1.124891180475747106e-02 1.298134685757957110e-02 1.396780558708548073e-02 1.683556760177883777e-02 2.488482589018791921e-02
