1.000000000000000000e+00 1.754570082442477585e-01 1.327811440915946661e-01 5.358260178890068143e-02 2.352104252467267578e-02 1.551344410614005631e-01 -4.053973263233848906e-02 -5.730892181751411074e-02 -1.117394318868339918e-02 2.089808719254876157e-01 -1.718044657007172515e-01 1.737090653325379930e-01 -1.315317784358115971e-01 -4.004497559609535712e-02 8.436055047552092068e-02 1.455847651142088079e-03 1.282903287010845328e-01 -1.474707795809892252e-01 2.000266971386324699e-02 -1.611270920903234705e-01 6.439750293304974393e-02 1.418910769110598089e-02 1.917796189962189465e-02 3.528363264279987723e-03
1.754570082442477585e-01 1.000000000000000000e+00 -2.968841916575668677e-02 -4.756326838798592693e-02 4.523997030168328687e-02 -9.216159733136571053e-02 6.250223665108830054e-03 -4.040662044262493396e-02 2.256875088717144318e-01 1.789533755156240413e-01 9.602419113540895668e-02 1.698466030534250826e-01 1.596834492979742892e-01 -4.697574445634162404e-02 1.181821528086285933e-01 6.628422849824787411e-02 5.577773805774471905e-02 -1.404117448943368873e-01 -1.832312602681197278e-01 4.222894107871054403e-02 -6.067459647890617591e-02 -1.387060448711910192e-02 2.927214575476178027e-02 3.547277993802279428e-02
1.327811440915946661e-01 -2.968841916575668677e-02 1.000000000000000000e+00 5.656395403499471508e-03 -6.634921657417208740e-02 -1.096947060162009081e-02 -1.331680798138703149e-03 3.761713434821196272e-02 2.430793924906252124e-01 1.463065742767570010e-01 -1.012029827322002418e-01 -4.564306940600423163e-02 -1.571163713510712046e-01 4.079262763898822142e-02 -1.654022137402069437e-01 8.110279816942143893e-02 1.108239251324991299e-02 -1.398011016381557788e-02 7.565405618719027447e-02 9.096249626952951362e-02 9.517760815731553248e-02 -3.002009421571013095e-02 -7.092363787734198843e-02 3.803140774186202638e-02
5.358260178890068143e-02 -4.756326838798592693e-02 5.656395403499471508e-03 1.000000000000000000e+00 6.958577407685254124e-02 2.215401812616282218e-01 1.064541153060215850e-01 2.043736499952414701e-02 1.371684141935013701e-01 8.607416293071606939e-02 -1.828190352759810969e-02 1.170680321567983684e-01 1.521079852375028796e-01 1.607994074138434093e-01 8.242568096960133095e-02 6.154814413800853423e-02 9.398753600378940282e-03 4.535809381813952351e-02 2.153071046271890776e-01 2.908828808257047926e-01 1.236518909730823651e-01 1.723957999280874842e-01 6.253819971549175183e-02 1.381102117294543408e-01
2.352104252467267578e-02 4.523997030168328687e-02 -6.634921657417208740e-02 6.958577407685254124e-02 1.000000000000000000e+00 -2.929463363161982983e-02 -5.100590353840523186e-03 2.017688917460418729e-01 -1.176734155795291781e-01 9.693653606671438772e-02 -7.691644786558197999e-02 3.538395810726492619e-02 2.353378511403414475e-01 1.842654956301613689e-01 2.683295632795976160e-01 1.320752100907114646e-01 -9.189918402514464513e-02 -1.292143045683683544e-01 -1.106127090203786467e-01 -1.144448203355138138e-01 3.346630319763339856e-02 -8.283828375686709544e-02 -6.407764710587762758e-02 -1.754930792217518354e-01
1.551344410614005631e-01 -9.216159733136571053e-02 -1.096947060162009081e-02 2.215401812616282218e-01 -2.929463363161982983e-02 1.000000000000000000e+00 5.874577927415194911e-02 1.537395346132873486e-01 2.628088583309206028e-01 9.012326981821697225e-02 5.244320779665468529e-02 3.326627069601885422e-02 4.866051295327401827e-02 7.136845095397460759e-02 9.780389111152636150e-02 1.935982616816410706e-01 2.168596911890483328e-02 -1.192474404584424469e-01 4.630801693355370008e-02 1.828887212808052998e-02 1.280546729926646532e-01 9.251481659671856317e-02 1.313727439655295592e-01 2.068241035458031896e-01
-4.053973263233848906e-02 6.250223665108830054e-03 -1.331680798138703149e-03 1.064541153060215850e-01 -5.100590353840523186e-03 5.874577927415194911e-02 1.000000000000000000e+00 -3.293828841134521235e-01 1.506373897111129914e-02 1.056105892154703130e-01 -1.046806278950132979e-01 1.462860173298705102e-01 -1.928240065828852948e-02 2.830919815575038134e-01 2.255041877424282873e-02 1.677820468148532307e-01 -5.470469773137077996e-02 4.528787808968497142e-02 -5.530411023945380755e-02 -1.597835610276903962e-01 1.131883857675048399e-01 2.895817635975020399e-01 2.397684067796053142e-01 1.586020155768129714e-01
-5.730892181751411074e-02 -4.040662044262493396e-02 3.761713434821196272e-02 2.043736499952414701e-02 2.017688917460418729e-01 1.537395346132873486e-01 -3.293828841134521235e-01 1.000000000000000000e+00 8.145373080709092384e-02 -2.022906762516858137e-01 -7.142483234572089001e-02 -1.227891989646056198e-01 2.216217003218291237e-01 1.665958062700732267e-01 1.004394942578439448e-01 -9.556301205384853947e-02 3.846182783819591944e-02 8.181283785271815934e-02 -6.184705156535713622e-02 2.596235804997548777e-03 -2.248565699344219904e-01 -2.585637941943086382e-01 -9.534162752569441679e-02 -2.669426875620370399e-01
-1.117394318868339918e-02 2.256875088717144318e-01 2.430793924906252124e-01 1.371684141935013701e-01 -1.176734155795291781e-01 2.628088583309206028e-01 1.506373897111129914e-02 8.145373080709092384e-02 1.000000000000000000e+00 1.830741572941046724e-01 -2.942263459069694668e-03 -5.348151323050888417e-02 -9.067082538275979264e-02 1.602158944147145242e-02 7.020534603140172504e-03 1.151680622388108061e-01 9.480691515346792442e-02 -7.974012237975969253e-02 -6.259170676296102465e-02 -3.624966636027591310e-02 -4.818650435091224177e-02 -1.089043259241273126e-01 -1.394182484521729916e-02 2.610218166944663562e-02
2.089808719254876157e-01 1.789533755156240413e-01 1.463065742767570010e-01 8.607416293071606939e-02 9.693653606671438772e-02 9.012326981821697225e-02 1.056105892154703130e-01 -2.022906762516858137e-01 1.830741572941046724e-01 1.000000000000000000e+00 2.190589164132597799e-01 8.874344707642681240e-02 -5.774472623818814598e-02 -1.684087704229431659e-01 1.387302922380904968e-01 3.866173391993611430e-01 2.778391704552633512e-01 -1.842715765904474057e-01 9.838620827460409224e-02 1.577896938333171184e-01 1.184405574473779421e-01 -8.116758287987978215e-02 1.591888082509233249e-01 1.266417085174297852e-01
-1.718044657007172515e-01 9.602419113540895668e-02 -1.012029827322002418e-01 -1.828190352759810969e-02 -7.691644786558197999e-02 5.244320779665468529e-02 -1.046806278950132979e-01 -7.142483234572089001e-02 -2.942263459069694668e-03 2.190589164132597799e-01 1.000000000000000000e+00 1.960537014684001211e-01 2.965800707283695603e-01 -4.094150689941437882e-02 2.460505791622978611e-01 3.313422335135367547e-01 1.314419715058064153e-01 8.587069012238833510e-02 1.647195935663944844e-01 1.544370684808767102e-01 2.468437846897808888e-02 -5.721121212098368575e-02 -1.278520470701584311e-01 -6.540365447209797733e-02
1.737090653325379930e-01 1.698466030534250826e-01 -4.564306940600423163e-02 1.170680321567983684e-01 3.538395810726492619e-02 3.326627069601885422e-02 1.462860173298705102e-01 -1.227891989646056198e-01 -5.348151323050888417e-02 8.874344707642681240e-02 1.960537014684001211e-01 1.000000000000000000e+00 1.824839838379483103e-01 1.907131468131245677e-01 1.936941656212515239e-01 8.421822311266530248e-02 1.990905901980563886e-01 1.030465257624630787e-01 9.344531686745786991e-02 1.745137379653910192e-01 1.199589384210903165e-01 1.263566028276200959e-01 1.145763330256409406e-03 1.397409433226826092e-01
-1.315317784358115971e-01 1.596834492979742892e-01 -1.571163713510712046e-01 1.521079852375028796e-01 2.353378511403414475e-01 4.866051295327401827e-02 -1.928240065828852948e-02 2.216217003218291237e-01 -9.067082538275979264e-02 -5.774472623818814598e-02 2.965800707283695603e-01 1.824839838379483103e-01 1.000000000000000000e+00 -8.197017350774565836e-02 3.269743167606117273e-01 4.666189656379004375e-02 2.330983852590290950e-01 1.504192727600778823e-01 -4.256355311572939532e-02 8.398875851745860044e-02 1.720765301379796330e-01 -1.758033261489808791e-02 1.139218010496876460e-02 6.556911932377985919e-02
-4.004497559609535712e-02 -4.697574445634162404e-02 4.079262763898822142e-02 1.607994074138434093e-01 1.842654956301613689e-01 7.136845095397460759e-02 2.830919815575038134e-01 1.665958062700732267e-01 1.602158944147145242e-02 -1.684087704229431659e-01 -4.094150689941437882e-02 1.907131468131245677e-01 -8.197017350774565836e-02 1.000000000000000000e+00 1.249635025731453408e-01 3.482186966728544747e-02 -2.010412177777902154e-01 -6.146228514413986342e-03 -2.422304473198448951e-02 -1.090835372512338197e-01 -1.537162595441924837e-02 -2.718094201279142377e-02 7.593570799429277818e-02 -2.285191976228865066e-02
8.436055047552092068e-02 1.181821528086285933e-01 -1.654022137402069437e-01 8.242568096960133095e-02 2.683295632795976160e-01 9.780389111152636150e-02 2.255041877424282873e-02 1.004394942578439448e-01 7.020534603140172504e-03 1.387302922380904968e-01 2.460505791622978611e-01 1.936941656212515239e-01 3.269743167606117273e-01 1.249635025731453408e-01 1.000000000000000000e+00 1.305827596071372498e-01 1.610799523905763753e-01 2.167768030345808283e-01 9.357153089769849885e-02 1.176200898904029846e-01 3.474309622533988673e-02 1.713337057012602124e-02 2.544055465981292508e-01 2.624003233900295152e-03
1.455847651142088079e-03 6.628422849824787411e-02 8.110279816942143893e-02 6.154814413800853423e-02 1.320752100907114646e-01 1.935982616816410706e-01 1.677820468148532307e-01 -9.556301205384853947e-02 1.151680622388108061e-01 3.866173391993611430e-01 3.313422335135367547e-01 8.421822311266530248e-02 4.666189656379004375e-02 3.482186966728544747e-02 1.305827596071372498e-01 1.000000000000000000e+00 1.640578512647551945e-01 -1.426595862170038920e-01 3.743478968955907000e-03 9.450925078528064904e-03 -2.603061454912364986e-03 2.427600021741827332e-02 2.871695197689749790e-01 2.070930696352179801e-01
1.282903287010845328e-01 5.577773805774471905e-02 1.108239251324991299e-02 9.398753600378940282e-03 -9.189918402514464513e-02 2.168596911890483328e-02 -5.470469773137077996e-02 3.846182783819591944e-02 9.480691515346792442e-02 2.778391704552633512e-01 1.314419715058064153e-01 1.990905901980563886e-01 2.330983852590290950e-01 -2.010412177777902154e-01 1.610799523905763753e-01 1.640578512647551945e-01 1.000000000000000000e+00 3.435147081892325066e-02 1.025120365714979193e-01 1.124826777878930456e-01 1.237875253737901055e-01 9.084330157472175760e-02 7.054141762690435691e-02 1.780102385691563482e-01
-1.474707795809892252e-01 -1.404117448943368873e-01 -1.398011016381557788e-02 4.535809381813952351e-02 -1.292143045683683544e-01 -1.192474404584424469e-01 4.528787808968497142e-02 8.181283785271815934e-02 -7.974012237975969253e-02 -1.842715765904474057e-01 8.587069012238833510e-02 1.030465257624630787e-01 1.504192727600778823e-01 -6.146228514413986342e-03 2.167768030345808283e-01 -1.426595862170038920e-01 3.435147081892325066e-02 1.000000000000000000e+00 2.351459739998805198e-01 1.938594357379855027e-01 1.699051305513070431e-01 1.505720375630859587e-01 -1.729811833578959179e-02 1.530932059939227492e-02
2.000266971386324699e-02 -1.832312602681197278e-01 7.565405618719027447e-02 2.153071046271890776e-01 -1.106127090203786467e-01 4.630801693355370008e-02 -5.530411023945380755e-02 -6.184705156535713622e-02 -6.259170676296102465e-02 9.838620827460409224e-02 1.647195935663944844e-01 9.344531686745786991e-02 -4.256355311572939532e-02 -2.422304473198448951e-02 9.357153089769849885e-02 3.743478968955907000e-03 1.025120365714979193e-01 2.351459739998805198e-01 1.000000000000000000e+00 3.451627411438659143e-01 3.815990500371003180e-01 2.293478433986183007e-01 -9.029311868855473266e-02 1.614859219904021814e-01
-1.611270920903234705e-01 4.222894107871054403e-02 9.096249626952951362e-02 2.908828808257047926e-01 -1.144448203355138138e-01 1.828887212808052998e-02 -1.597835610276903962e-01 2.596235804997548777e-03 -3.624966636027591310e-02 1.577896938333171184e-01 1.544370684808767102e-01 1.745137379653910192e-01 8.398875851745860044e-02 -1.090835372512338197e-01 1.176200898904029846e-01 9.450925078528064904e-03 1.124826777878930456e-01 1.938594357379855027e-01 3.451627411438659143e-01 1.000000000000000000e+00 3.964554119455823700e-01 1.852950026095168956e-01 8.409549712244046571e-02 2.663810258110441698e-01
6.439750293304974393e-02 -6.067459647890617591e-02 9.517760815731553248e-02 1.236518909730823651e-01 3.346630319763339856e-02 1.280546729926646532e-01 1.131883857675048399e-01 -2.248565699344219904e-01 -4.818650435091224177e-02 1.184405574473779421e-01 2.468437846897808888e-02 1.199589384210903165e-01 1.720765301379796330e-01 -1.537162595441924837e-02 3.474309622533988673e-02 -2.603061454912364986e-03 1.237875253737901055e-01 1.699051305513070431e-01 3.815990500371003180e-01 3.964554119455823700e-01 1.000000000000000000e+00 3.431269239618618960e-01 6.512783993899533275e-02 3.299758655448086775e-01
1.418910769110598089e-02 -1.387060448711910192e-02 -3.002009421571013095e-02 1.723957999280874842e-01 -8.283828375686709544e-02 9.251481659671856317e-02 2.895817635975020399e-01 -2.585637941943086382e-01 -1.089043259241273126e-01 -8.116758287987978215e-02 -5.721121212098368575e-02 1.263566028276200959e-01 -1.758033261489808791e-02 -2.718094201279142377e-02 1.713337057012602124e-02 2.427600021741827332e-02 9.084330157472175760e-02 1.505720375630859587e-01 2.293478433986183007e-01 1.852950026095168956e-01 3.431269239618618960e-01 1.000000000000000000e+00 4.671356556566308438e-01 4.936450851869281231e-01
1.917796189962189465e-02 2.927214575476178027e-02 -7.092363787734198843e-02 6.253819971549175183e-02 -6.407764710587762758e-02 1.313727439655295592e-01 2.397684067796053142e-01 -9.534162752569441679e-02 -1.394182484521729916e-02 1.591888082509233249e-01 -1.278520470701584311e-01 1.145763330256409406e-03 1.139218010496876460e-02 7.593570799429277818e-02 2.544055465981292508e-01 2.871695197689749790e-01 7.054141762690435691e-02 -1.729811833578959179e-02 -9.029311868855473266e-02 8.409549712244046571e-02 6.512783993899533275e-02 4.671356556566308438e-01 1.000000000000000000e+00 5.597821803084159775e-01
3.528363264279987723e-03 3.547277993802279428e-02 3.803140774186202638e-02 1.381102117294543408e-01 -1.754930792217518354e-01 2.068241035458031896e-01 1.586020155768129714e-01 -2.669426875620370399e-01 2.610218166944663562e-02 1.266417085174297852e-01 -6.540365447209797733e-02 1.397409433226826092e-01 6.556911932377985919e-02 -2.285191976228865066e-02 2.624003233900295152e-03 2.070930696352179801e-01 1.780102385691563482e-01 1.530932059939227492e-02 1.614859219904021814e-01 2.663810258110441698e-01 3.299758655448086775e-01 4.936450851869281231e-01 5.597821803084159775e-01 1.000000000000000000e+00
