5.638444576052047523e+03 -3.548618827025375140e+02 -2.293107430759709757e+02 -3.773175220098694638e+01 6.894472447113510327e+01 1.626516711667044888e+02 -3.104214582137620226e+01 -4.248158308924041116e+00 -4.725078230612582075e+01 2.474537190955525645e+01 4.501199989381783695e+01 4.842850567148415108e-01 2.924681171999583829e-02 3.273407972006979971e+00 -9.578885249006845015e+00 2.469082967113930493e+01 -9.347607857354264249e-01 -5.221660674378887812e+00 -2.755452594247233655e+00 -3.060041452314455235e+00 1.881861527346348761e-01 -9.582831798665628620e-01 -8.616392427799759446e-01 5.346900112233633068e-02
-3.548618827025375140e+02 2.989050128247858993e+03 3.235662746892194832e+02 -1.827716830725426576e+02 -4.633798734859617952e+01 1.071662339814814118e+02 -7.610156314263508648e+01 -8.870140969782928764e+00 3.300778371978503145e+01 4.873097488095233132e+01 6.821405629870755938e-01 1.841521154830224916e+01 -1.559063625526694352e+01 5.736405129411939363e+00 1.817115175812000061e+01 1.818724512191859377e+00 5.763531428497527642e+00 2.521896260822705571e+00 1.905964889663885664e+00 -1.473720744693412799e-01 -1.310547135743275637e+00 2.327553140414896582e+00 1.671314696112743192e+00 1.747156913179261639e-01
-2.293107430759709757e+02 3.235662746892194832e+02 1.184563883307130027e+03 5.074680414717476395e+01 1.028464267181910401e+02 -3.843411442480525153e+01 -3.185100482123630528e+01 2.805656607085413867e+01 -1.113272598645752431e+01 3.823379641190833844e+00 -5.933178016388321652e+00 1.072844939497271666e+00 2.232780455578669176e+01 -5.327072069842591517e+00 1.417939494691471403e+00 -3.404961094998334659e+00 6.613700400752192676e-01 3.736615776942866951e+00 8.910801905514689203e-01 1.524251686335240219e+00 8.481633477160407941e-02 1.090987586920197261e+00 8.785997383955885809e-01 -9.724136523352791550e-02
-3.773175220098694638e+01 -1.827716830725426576e+02 5.074680414717476395e+01 7.618236007571030086e+02 1.365470216454064314e+02 8.088569183849165256e+01 2.990365450318432750e+01 1.996763506671000243e+01 -1.671397173755678756e+00 -1.567472883639823777e+01 1.399010168287075695e+00 -2.416506079544240126e+00 5.154970259364970886e+00 1.408290096924450285e+00 1.136764500615020212e+00 4.256860538903844415e-01 -2.363692226500406779e+00 7.987424545085607397e-01 4.853298007943416259e-01 2.006675602108168865e-01 -5.171791807784785755e-01 5.320462073032872219e-01 5.398459903989171194e-01 2.016020752961356910e-01
6.894472447113510327e+01 -4.633798734859617952e+01 1.028464267181910401e+02 1.365470216454064314e+02 3.990404317914146759e+02 6.536025593037558679e+01 2.491733962007700498e+01 2.076893962949571559e+01 -1.910922913622493224e+00 -3.072865771945283431e+00 8.510240761714713553e-01 1.135011427788061766e+01 8.461494840290729513e+00 3.102009996569891292e+00 -1.954661715096581709e+00 -1.275885325368510514e+00 2.456509170355199723e-01 5.272086116068801509e-01 8.736032626338714469e-01 1.259477775908728336e+00 3.813650496602934981e-01 2.399058657678159179e-01 5.966045177011840561e-01 1.016057862405978923e-01
1.626516711667044888e+02 1.071662339814814118e+02 -3.843411442480525153e+01 8.088569183849165256e+01 6.536025593037558679e+01 2.466281058993221222e+02 -2.567039649369835530e+01 -1.284800049233915331e+00 -2.123198674444278566e+00 1.202490133873172695e+01 8.481193227165146453e+00 1.514182907289375102e+00 -5.937899266241218221e+00 2.833127139578522358e-01 -7.617172253993382824e-01 6.404532056992797741e-03 -3.560774245515510028e-01 -3.623970963358194020e-01 8.766374941001163767e-01 -2.398601490125233104e-01 -2.104731115231535388e-01 -2.918355081042895982e-01 2.107123783724311750e-01 -2.497789829842434750e-01
-3.104214582137620226e+01 -7.610156314263508648e+01 -3.185100482123630528e+01 2.990365450318432750e+01 2.491733962007700498e+01 -2.567039649369835530e+01 1.484163091015872169e+02 8.323080767431141780e+00 -5.048779014334725979e+00 -2.507685848764261483e+00 -4.296698581178344689e+00 -1.504821976489204793e+00 -9.828193094374865213e-01 4.858009319333686626e+00 -2.227420214034244506e+00 1.444298883292781888e+00 4.057945695456238733e-01 2.201706506864681279e-01 6.829115950447191274e-02 -5.186788140292255544e-01 -4.902682606156015810e-01 8.858586303285484465e-02 1.191243802951817143e-01 1.135871912010777418e-01
-4.248158308924041116e+00 -8.870140969782928764e+00 2.805656607085413867e+01 1.996763506671000243e+01 2.076893962949571559e+01 -1.284800049233915331e+00 8.323080767431141780e+00 9.505056841960630720e+01 -2.272989354208787560e+00 -1.600836679444265442e+01 -6.156896622776351080e+00 2.949259555720105674e-01 2.319862729985720240e-01 9.093366891705618738e-01 -1.129821973495728438e+00 -4.001412537907479972e-01 -1.004824849418890054e+00 1.064191630163409341e+00 7.598267105217842987e-02 4.948085412715474418e-01 -2.285299908475839081e-01 9.575911191912694909e-02 2.819525934626715968e-01 3.015490766734283540e-02
-4.725078230612582075e+01 3.300778371978503145e+01 -1.113272598645752431e+01 -1.671397173755678756e+00 -1.910922913622493224e+00 -2.123198674444278566e+00 -5.048779014334725979e+00 -2.272989354208787560e+00 4.676666411347723340e+01 1.294677658165797052e+00 -3.123142987322056641e+00 2.639615054827247898e-01 -4.380329298403313310e+00 -1.867607663341970481e+00 -5.119996244783558970e-01 3.232214884190304782e-01 1.827138333421057803e-01 -2.413547627883368685e-01 3.843541547243278095e-02 2.771933276229545523e-02 -1.051019552593276812e-01 -1.783853054841368080e-02 9.932276837664663627e-02 1.285497977957441584e-01
2.474537190955525645e+01 4.873097488095233132e+01 3.823379641190833844e+00 -1.567472883639823777e+01 -3.072865771945283431e+00 1.202490133873172695e+01 -2.507685848764261483e+00 -1.600836679444265442e+01 1.294677658165797052e+00 2.753477641073073201e+01 1.966759813063469142e+00 -3.851648346421322061e-02 6.547361287997153223e-01 7.103930938659916983e-01 6.878282047738797367e-01 6.667455689537118424e-01 6.744350537191937667e-01 -2.747887787812037796e-01 1.468231010459317698e-01 -1.602745344027082797e-01 3.920689467346470669e-02 -1.198213049903674859e-01 -3.618239606944188575e-03 -2.644580913123057223e-02
4.501199989381783695e+01 6.821405629870755938e-01 -5.933178016388321652e+00 1.399010168287075695e+00 8.510240761714713553e-01 8.481193227165146453e+00 -4.296698581178344689e+00 -6.156896622776351080e+00 -3.123142987322056641e+00 1.966759813063469142e+00 1.332404014823723593e+01 -3.348922724578408672e-01 2.638854550598057624e-01 7.062598153115863253e-01 3.392204738838014988e-01 -4.082622249878671561e-02 1.415038391593953782e-01 3.713371351729246594e-01 2.458378419159863021e-02 -1.238877125912472149e-01 1.730621442378995622e-01 -5.555917295531458133e-02 2.929370833454576772e-02 -1.521602836683438008e-02
4.842850567148415108e-01 1.841521154830224916e+01 1.072844939497271666e+00 -2.416506079544240126e+00 1.135011427788061766e+01 1.514182907289375102e+00 -1.504821976489204793e+00 2.949259555720105674e-01 2.639615054827247898e-01 -3.851648346421322061e-02 -3.348922724578408672e-01 7.190319898429621936e+00 6.541191922635939404e-01 -7.782108039079088657e-02 -4.171983539388180451e-01 -3.447630256545837490e-02 -9.451794240494461319e-02 -1.927031869540219156e-01 -1.228387700162397456e-01 -5.186879433715306520e-02 -1.007188098576903938e-02 1.214922871278992372e-01 1.244599356550779405e-02 5.174583384355421062e-02
2.924681171999583829e-02 -1.559063625526694352e+01 2.232780455578669176e+01 5.154970259364970886e+00 8.461494840290729513e+00 -5.937899266241218221e+00 -9.828193094374865213e-01 2.319862729985720240e-01 -4.380329298403313310e+00 6.547361287997153223e-01 2.638854550598057624e-01 6.541191922635939404e-01 6.017228137743870775e+00 -7.167254909311546185e-02 -1.688348406801851165e-01 -3.251452789158545409e-01 -2.252810885065812882e-02 2.560319571610165656e-01 -1.392877296734063575e-01 3.259641228553399484e-03 5.439484410200746273e-03 -3.162876912110094973e-02 -6.112207204404174199e-02 -2.577790699672401903e-02
3.273407972006979971e+00 5.736405129411939363e+00 -5.327072069842591517e+00 1.408290096924450285e+00 3.102009996569891292e+00 2.833127139578522358e-01 4.858009319333686626e+00 9.093366891705618738e-01 -1.867607663341970481e+00 7.103930938659916983e-01 7.062598153115863253e-01 -7.782108039079088657e-02 -7.167254909311546185e-02 2.096141986213867714e+00 8.885283104681143684e-02 9.508793167006915348e-02 2.190821965784456038e-01 2.149311010411198153e-01 3.176422318328204347e-02 -2.481715886699176893e-02 5.598201695322361669e-04 -2.412951669975937560e-02 2.489321913663925835e-03 6.853624763004506799e-03
-9.578885249006845015e+00 1.817115175812000061e+01 1.417939494691471403e+00 1.136764500615020212e+00 -1.954661715096581709e+00 -7.617172253993382824e-01 -2.227420214034244506e+00 -1.129821973495728438e+00 -5.119996244783558970e-01 6.878282047738797367e-01 3.392204738838014988e-01 -4.171983539388180451e-01 -1.688348406801851165e-01 8.885283104681143684e-02 1.611869578580604090e+00 -1.648822398850690110e-02 -1.840562596520273764e-01 1.195680929774229143e-02 -6.727113433059396345e-03 6.139362819945771987e-02 4.267202790239808113e-02 -1.794988711515962954e-02 -2.764584062645278686e-02 -3.639124406915530269e-02
2.469082967113930493e+01 1.818724512191859377e+00 -3.404961094998334659e+00 4.256860538903844415e-01 -1.275885325368510514e+00 6.404532056992797741e-03 1.444298883292781888e+00 -4.001412537907479972e-01 3.232214884190304782e-01 6.667455689537118424e-01 -4.082622249878671561e-02 -3.447630256545837490e-02 -3.251452789158545409e-01 9.508793167006915348e-02 -1.648822398850690110e-02 7.718613587604662429e-01 -2.933573841429235399e-02 -3.339453921425917376e-02 -1.000206474209233958e-03 -8.790940173808377972e-03 -3.762748204771104027e-02 -1.854438769466774939e-02 5.292990224562986283e-03 1.710273150685684635e-03
-9.347607857354264249e-01 5.763531428497527642e+00 6.613700400752192676e-01 -2.363692226500406779e+00 2.456509170355199723e-01 -3.560774245515510028e-01 4.057945695456238733e-01 -1.004824849418890054e+00 1.827138333421057803e-01 6.744350537191937667e-01 1.415038391593953782e-01 -9.451794240494461319e-02 -2.252810885065812882e-02 2.190821965784456038e-01 -1.840562596520273764e-01 -2.933573841429235399e-02 3.168715429892510205e-01 2.603755934196505008e-03 3.814941077624109389e-02 -1.926580558447021571e-02 2.765096767622445949e-03 -4.456595104916241321e-03 6.613112095388952796e-03 1.688036154225262819e-02
-5.221660674378887812e+00 2.521896260822705571e+00 3.736615776942866951e+00 7.987424545085607397e-01 5.272086116068801509e-01 -3.623970963358194020e-01 2.201706506864681279e-01 1.064191630163409341e+00 -2.413547627883368685e-01 -2.747887787812037796e-01 3.713371351729246594e-01 -1.927031869540219156e-01 2.560319571610165656e-01 2.149311010411198153e-01 1.195680929774229143e-02 -3.339453921425917376e-02 2.603755934196505008e-03 2.487965774576754163e-01 -1.758801680288347513e-03 3.003689972660593399e-02 -1.593467352226076231e-02 3.352024035709823008e-03 5.046029589927709599e-03 1.225711282399606292e-03
-2.755452594247233655e+00 1.905964889663885664e+00 8.910801905514689203e-01 4.853298007943416259e-01 8.736032626338714469e-01 8.766374941001163767e-01 6.829115950447191274e-02 7.598267105217842987e-02 3.843541547243278095e-02 1.468231010459317698e-01 2.458378419159863021e-02 -1.228387700162397456e-01 -1.392877296734063575e-01 3.176422318328204347e-02 -6.727113433059396345e-03 -1.000206474209233958e-03 3.814941077624109389e-02 -1.758801680288347513e-03 9.961414145984408275e-02 1.155583304455594026e-02 7.023527116157890493e-03 -9.946928696806919736e-04 1.112840969514662832e-02 -1.197327336349329665e-03
-3.060041452314455235e+00 -1.473720744693412799e-01 1.524251686335240219e+00 2.006675602108168865e-01 1.259477775908728336e+00 -2.398601490125233104e-01 -5.186788140292255544e-01 4.948085412715474418e-01 2.771933276229545523e-02 -1.602745344027082797e-01 -1.238877125912472149e-01 -5.186879433715306520e-02 3.259641228553399484e-03 -2.481715886699176893e-02 6.139362819945771987e-02 -8.790940173808377972e-03 -1.926580558447021571e-02 3.003689972660593399e-02 1.155583304455594026e-02 7.473279570119314985e-02 1.378764641399155867e-02 -5.506894248286219734e-04 7.724056481580450191e-04 -1.968025076054306498e-03
1.881861527346348761e-01 -1.310547135743275637e+00 8.481633477160407941e-02 -5.171791807784785755e-01 3.813650496602934981e-01 -2.104731115231535388e-01 -4.902682606156015810e-01 -2.285299908475839081e-01 -1.051019552593276812e-01 3.920689467346470669e-02 1.730621442378995622e-01 -1.007188098576903938e-02 5.439484410200746273e-03 5.598201695322361669e-04 4.267202790239808113e-02 -3.762748204771104027e-02 2.765096767622445949e-03 -1.593467352226076231e-02 7.023527116157890493e-03 1.378764641399155867e-02 3.380467071156387920e-02 -3.984376046409230710e-04 -3.022299822359744963e-03 -3.791199320868075037e-03
-9.582831798665628620e-01 2.327553140414896582e+00 1.090987586920197261e+00 5.320462073032872219e-01 2.399058657678159179e-01 -2.918355081042895982e-01 8.858586303285484465e-02 9.575911191912694909e-02 -1.783853054841368080e-02 -1.198213049903674859e-01 -5.555917295531458133e-02 1.214922871278992372e-01 -3.162876912110094973e-02 -2.412951669975937560e-02 -1.794988711515962954e-02 -1.854438769466774939e-02 -4.456595104916241321e-03 3.352024035709823008e-03 -9.946928696806919736e-04 -5.506894248286219734e-04 -3.984376046409230710e-04 2.213974644823550261e-02 6.805713375992492910e-03 4.711022892587793214e-03
-8.616392427799759446e-01 1.671314696112743192e+00 8.785997383955885809e-01 5.398459903989171194e-01 5.966045177011840561e-01 2.107123783724311750e-01 1.191243802951817143e-01 2.819525934626715968e-01 9.932276837664663627e-02 -3.618239606944188575e-03 2.929370833454576772e-02 1.244599356550779405e-02 -6.112207204404174199e-02 2.489321913663925835e-03 -2.764584062645278686e-02 5.292990224562986283e-03 6.613112095388952796e-03 5.046029589927709599e-03 1.112840969514662832e-02 7.724056481580450191e-04 -3.022299822359744963e-03 6.805713375992492910e-03 1.925528362784144701e-02 6.491687662732426554e-03
5.346900112233633068e-02 1.747156913179261639e-01 -9.724136523352791550e-02 2.016020752961356910e-01 1.016057862405978923e-01 -2.497789829842434750e-01 1.135871912010777418e-01 3.015490766734283540e-02 1.285497977957441584e-01 -2.644580913123057223e-02 -1.521602836683438008e-02 5.174583384355421062e-02 -2.577790699672401903e-02 6.853624763004506799e-03 -3.639124406915530269e-02 1.710273150685684635e-03 1.688036154225262819e-02 1.225711282399606292e-03 -1.197327336349329665e-03 -1.968025076054306498e-03 -3.791199320868075037e-03 4.711022892587793214e-03 6.491687662732426554e-03 1.279141181874232473e-02
