1.000000000000000000e+00 -1.659004261812096204e-01 1.286881874396840209e-01 -1.177979116501575753e-02 -1.490652171197182629e-01 6.188320077650723283e-02 1.190739313494859793e-02 3.273573562994488290e-02 1.363445270168789358e-01 1.049903767143727240e-01 -1.415069565244399807e-01 5.042178095070794230e-02 -1.501561142598694665e-01 -1.473940376312485034e-01 -2.578981550209260010e-01 -1.701257013006439445e-01 -4.731937754015023284e-02 1.190278691728415550e-01 -2.126837692711184835e-01 -2.147770012679758173e-02 2.641455191393694002e-01 -3.814395533221483225e-02 -6.763811063455923978e-02 -1.521317219135372711e-01
-1.659004261812096204e-01 1.000000000000000000e+00 -1.832842899640149403e-01 1.702912721714836819e-01 -7.255340367664467327e-02 -5.304474219082553482e-02 -1.612871666184400032e-01 4.634343652142489806e-02 6.256236857256874950e-02 -1.231975961158829208e-01 9.851400131769751101e-03 -1.270960061431225252e-01 -2.221238949706944715e-02 1.558640407101979583e-02 5.268339590620588209e-02 -3.181259095842416812e-02 1.896628500106079321e-02 1.464727912654807951e-01 9.529012267145635373e-02 7.569672004595044690e-02 1.089708072638527758e-01 -4.857605022028554237e-02 -4.797544598703204488e-02 -1.838809545486093378e-01
1.286881874396840209e-01 -1.832842899640149403e-01 1.000000000000000000e+00 -1.069882055211883315e-01 -2.464717447149472329e-01 -1.879118719821385591e-02 7.588512849401439497e-02 1.343442079354932595e-01 6.861283983716831569e-02 -1.718911217892569732e-01 7.347837077404009709e-02 6.052668696453382402e-02 -3.149929543298414167e-03 -6.660417786165474807e-02 -8.389609058423073973e-02 5.471945765237885839e-02 -2.488964794740730624e-01 -2.172908734125279517e-01 -1.162083601288459306e-01 -1.032113657229935533e-02 1.031499209536181211e-01 -1.208724660451818145e-01 -8.455088202125184138e-03 6.000884715281376569e-02
-1.177979116501575753e-02 1.702912721714836819e-01 -1.069882055211883315e-01 1.000000000000000000e+00 1.476641728620162880e-02 -1.391580035997873888e-01 3.449548657628273562e-02 1.014370449758930509e-01 7.343887912639796012e-02 9.021890929771114731e-02 -1.731550420980907876e-02 -1.450305832539793525e-02 -1.860870980596784560e-02 2.264884485675490167e-01 -6.805475751572379051e-02 -1.099458963635988051e-01 -5.726167028443317902e-02 2.438195453697009907e-01 1.289259426579708046e-01 7.669676176180857674e-02 2.106786947778662433e-01 -2.658881178629078634e-02 1.109751808412448165e-01 9.424196172797360757e-03
-1.490652171197182629e-01 -7.255340367664467327e-02 -2.464717447149472329e-01 1.476641728620162880e-02 1.000000000000000000e+00 2.484300526780481022e-01 2.221359278619003952e-01 1.992049519014132963e-01 -1.547443617764892310e-01 8.259277884163483685e-02 -1.546259859680480520e-01 4.194752957343066829e-02 3.244723270843987567e-04 1.429159926640720668e-01 1.540641147467274041e-01 -5.331660703071244151e-02 -2.725912087543041484e-01 -3.014597451331772673e-03 -6.055599070211034607e-02 -8.671286101525815804e-02 -1.915292445868956861e-01 -3.153962864504995800e-02 1.998511138330658632e-01 9.642173365135378940e-03
6.188320077650723283e-02 -5.304474219082553482e-02 -1.879118719821385591e-02 -1.391580035997873888e-01 2.484300526780481022e-01 1.000000000000000000e+00 -1.156491502455628678e-01 3.056713156353223562e-02 3.672653942592870452e-02 4.905448942376745142e-02 -2.208760686447314506e-02 8.735357471708821153e-02 5.458280203429412281e-02 1.386530451695913435e-01 4.062764830302473956e-02 3.214620313967448545e-02 -1.611829724967693903e-02 9.935981133359370054e-02 8.656578171678704081e-02 -1.789824424305029027e-01 -1.117269730712434905e-01 2.002971341339836453e-01 2.464348307683932385e-02 -1.059261558516572388e-01
1.190739313494859793e-02 -1.612871666184400032e-01 7.588512849401439497e-02 3.449548657628273562e-02 2.221359278619003952e-01 -1.156491502455628678e-01 1.000000000000000000e+00 1.590816118845355953e-01 -4.342142008193220631e-02 1.125492059245887938e-01 -4.782276523776290283e-02 1.893973053421336150e-01 4.219102700624816071e-02 3.076143928968728264e-02 -5.289228563036174613e-02 -4.289947520834150665e-03 -1.687398886552447519e-01 -7.676079768998134156e-02 -5.048404236975991000e-02 4.267463721503867921e-03 5.803329847268184211e-02 1.383484079610615425e-01 2.275984388146414239e-01 1.787557656671887873e-01
3.273573562994488290e-02 4.634343652142489806e-02 1.343442079354932595e-01 1.014370449758930509e-01 1.992049519014132963e-01 3.056713156353223562e-02 1.590816118845355953e-01 1.000000000000000000e+00 4.504481609763621996e-02 -5.739419291633515718e-02 2.364588126509151178e-02 -2.597206316073303808e-02 8.435913529449079462e-02 -4.079273847407913212e-02 7.025977776605489555e-02 -1.534979399328549772e-02 -1.112729190519097938e-01 -1.677468772490376403e-01 3.380649957622038071e-02 3.634100821659492359e-02 1.482909279500342348e-01 -1.466192356006199016e-01 6.732587512642335126e-02 -6.181488867824865702e-02
1.363445270168789358e-01 6.256236857256874950e-02 6.861283983716831569e-02 7.343887912639796012e-02 -1.547443617764892310e-01 3.672653942592870452e-02 -4.342142008193220631e-02 4.504481609763621996e-02 1.000000000000000000e+00 4.566744728391572417e-02 4.009694846036995775e-02 5.474511922508734640e-02 -3.104674411216199609e-02 -4.770432945234790584e-02 2.071310313510045520e-01 -1.124280615205830169e-01 6.017827272743991873e-02 -1.954578818692224995e-01 6.930769352160112522e-03 3.806019892686261091e-02 2.359711947526957065e-01 -1.088434739722852901e-01 -1.072794784045515981e-01 1.258188019184133810e-01
1.049903767143727240e-01 -1.231975961158829208e-01 -1.718911217892569732e-01 9.021890929771114731e-02 8.259277884163483685e-02 4.905448942376745142e-02 1.125492059245887938e-01 -5.739419291633515718e-02 4.566744728391572417e-02 1.000000000000000000e+00 -1.579048922045366288e-01 7.029767841672523998e-02 -1.254929196202181074e-01 7.467786259746098110e-02 1.637722688455100217e-01 -2.048847354827058181e-02 -4.532715561194441967e-02 1.180135374222359146e-01 1.234268055474525838e-01 -1.314185172654431799e-01 1.877355778791612029e-01 1.783324510275802188e-01 7.642319007390063756e-02 2.424086607713947239e-01
-1.415069565244399807e-01 9.851400131769751101e-03 7.347837077404009709e-02 -1.731550420980907876e-02 -1.546259859680480520e-01 -2.208760686447314506e-02 -4.782276523776290283e-02 2.364588126509151178e-02 4.009694846036995775e-02 -1.579048922045366288e-01 1.000000000000000000e+00 -8.668256107949831590e-02 1.787414815994305128e-01 -6.425192547198083082e-02 1.794539538043978533e-01 1.547825530763863866e-01 5.830757283049348497e-03 -3.963270372450340695e-02 1.402418523769885239e-01 -1.055437564553376034e-01 2.939751072878373644e-02 2.012522226780186219e-01 8.128252019640562487e-02 -7.366352862351954744e-02
5.042178095070794230e-02 -1.270960061431225252e-01 6.052668696453382402e-02 -1.450305832539793525e-02 4.194752957343066829e-02 8.735357471708821153e-02 1.893973053421336150e-01 -2.597206316073303808e-02 5.474511922508734640e-02 7.029767841672523998e-02 -8.668256107949831590e-02 1.000000000000000000e+00 -1.390424216618773301e-01 1.251567576333589560e-01 -7.257374509500577608e-02 -3.240471524664458730e-02 1.405291844885654395e-01 2.488217631824077292e-01 -2.005690606916549767e-01 9.111923037564337302e-02 -2.571787399906018401e-02 1.530392126963553701e-01 -8.625263813508309008e-02 -1.222286075203449507e-01
-1.501561142598694665e-01 -2.221238949706944715e-02 -3.149929543298414167e-03 -1.860870980596784560e-02 3.244723270843987567e-04 5.458280203429412281e-02 4.219102700624816071e-02 8.435913529449079462e-02 -3.104674411216199609e-02 -1.254929196202181074e-01 1.787414815994305128e-01 -1.390424216618773301e-01 1.000000000000000000e+00 -4.949917580235441844e-02 -1.518078650543298880e-01 9.953750496011884441e-02 9.591239141228544152e-02 -5.962756458601194132e-02 1.854490381650776218e-02 -1.921901223628087463e-01 -3.667041886770758957e-02 -3.846571820135730874e-02 3.061371027906976960e-02 -1.570809361873457544e-01
-1.473940376312485034e-01 1.558640407101979583e-02 -6.660417786165474807e-02 2.264884485675490167e-01 1.429159926640720668e-01 1.386530451695913435e-01 3.076143928968728264e-02 -4.079273847407913212e-02 -4.770432945234790584e-02 7.467786259746098110e-02 -6.425192547198083082e-02 1.251567576333589560e-01 -4.949917580235441844e-02 1.000000000000000000e+00 -1.401825913427488801e-01 -1.061421418585908744e-01 -2.454130718410423573e-01 3.176286714739184891e-02 -8.672891098853129088e-03 -3.617857217187810115e-02 1.056245324815823367e-01 1.839455242942370297e-02 1.038513705985716212e-01 1.810540371596311149e-01
-2.578981550209260010e-01 5.268339590620588209e-02 -8.389609058423073973e-02 -6.805475751572379051e-02 1.540641147467274041e-01 4.062764830302473956e-02 -5.289228563036174613e-02 7.025977776605489555e-02 2.071310313510045520e-01 1.637722688455100217e-01 1.794539538043978533e-01 -7.257374509500577608e-02 -1.518078650543298880e-01 -1.401825913427488801e-01 1.000000000000000000e+00 1.608644975846499625e-01 1.810938775456385763e-01 -2.267905629803721734e-01 1.339772278843592290e-01 -1.061739234247029567e-01 -1.107659429804429690e-01 7.725755896717165228e-02 1.310636285428901648e-01 -3.254106931739635805e-02
-1.701257013006439445e-01 -3.181259095842416812e-02 5.471945765237885839e-02 -1.099458963635988051e-01 -5.331660703071244151e-02 3.214620313967448545e-02 -4.289947520834150665e-03 -1.534979399328549772e-02 -1.124280615205830169e-01 -2.048847354827058181e-02 1.547825530763863866e-01 -3.240471524664458730e-02 9.953750496011884441e-02 -1.061421418585908744e-01 1.608644975846499625e-01 1.000000000000000000e+00 -1.046756892591676341e-02 -4.701462529816887587e-02 -6.882908981247465308e-02 -7.562388324662626393e-02 -6.753592799052937634e-02 6.505746186629159100e-02 1.246311968420946159e-01 1.143798468948002515e-02
-4.731937754015023284e-02 1.896628500106079321e-02 -2.488964794740730624e-01 -5.726167028443317902e-02 -2.725912087543041484e-01 -1.611829724967693903e-02 -1.687398886552447519e-01 -1.112729190519097938e-01 6.017827272743991873e-02 -4.532715561194441967e-02 5.830757283049348497e-03 1.405291844885654395e-01 9.591239141228544152e-02 -2.454130718410423573e-01 1.810938775456385763e-01 -1.046756892591676341e-02 1.000000000000000000e+00 1.286420528256885798e-01 -3.639581351414269278e-02 -7.861416340611061815e-02 5.491112630477005055e-03 -3.348758915323217511e-02 1.899628946139513691e-02 -1.897991740600201704e-01
1.190278691728415550e-01 1.464727912654807951e-01 -2.172908734125279517e-01 2.438195453697009907e-01 -3.014597451331772673e-03 9.935981133359370054e-02 -7.676079768998134156e-02 -1.677468772490376403e-01 -1.954578818692224995e-01 1.180135374222359146e-01 -3.963270372450340695e-02 2.488217631824077292e-01 -5.962756458601194132e-02 3.176286714739184891e-02 -2.267905629803721734e-01 -4.701462529816887587e-02 1.286420528256885798e-01 1.000000000000000000e+00 -9.285871191001660030e-02 1.017424498646983949e-01 2.015372234482135094e-01 4.236416051683778577e-02 -2.505158869711057376e-02 -1.658165448393147112e-01
-2.126837692711184835e-01 9.529012267145635373e-02 -1.162083601288459306e-01 1.289259426579708046e-01 -6.055599070211034607e-02 8.656578171678704081e-02 -5.048404236975991000e-02 3.380649957622038071e-02 6.930769352160112522e-03 1.234268055474525838e-01 1.402418523769885239e-01 -2.005690606916549767e-01 1.854490381650776218e-02 -8.672891098853129088e-03 1.339772278843592290e-01 -6.882908981247465308e-02 -3.639581351414269278e-02 -9.285871191001660030e-02 1.000000000000000000e+00 9.267244869215103542e-02 -1.101018368395099006e-01 1.453491284104969639e-01 1.193413223808512114e-01 1.902080875838885465e-01
-2.147770012679758173e-02 7.569672004595044690e-02 -1.032113657229935533e-02 7.669676176180857674e-02 -8.671286101525815804e-02 -1.789824424305029027e-01 4.267463721503867921e-03 3.634100821659492359e-02 3.806019892686261091e-02 -1.314185172654431799e-01 -1.055437564553376034e-01 9.111923037564337302e-02 -1.921901223628087463e-01 -3.617857217187810115e-02 -1.061739234247029567e-01 -7.562388324662626393e-02 -7.861416340611061815e-02 1.017424498646983949e-01 9.267244869215103542e-02 1.000000000000000000e+00 1.031747578155459005e-01 -1.292693066098534460e-01 -8.366817575115741146e-02 4.013985354733130145e-02
2.641455191393694002e-01 1.089708072638527758e-01 1.031499209536181211e-01 2.106786947778662433e-01 -1.915292445868956861e-01 -1.117269730712434905e-01 5.803329847268184211e-02 1.482909279500342348e-01 2.359711947526957065e-01 1.877355778791612029e-01 2.939751072878373644e-02 -2.571787399906018401e-02 -3.667041886770758957e-02 1.056245324815823367e-01 -1.107659429804429690e-01 -6.753592799052937634e-02 5.491112630477005055e-03 2.015372234482135094e-01 -1.101018368395099006e-01 1.031747578155459005e-01 1.000000000000000000e+00 -1.783641992893226502e-01 1.275501981015059738e-01 4.856960627603953279e-02
-3.814395533221483225e-02 -4.857605022028554237e-02 -1.208724660451818145e-01 -2.658881178629078634e-02 -3.153962864504995800e-02 2.002971341339836453e-01 1.383484079610615425e-01 -1.466192356006199016e-01 -1.088434739722852901e-01 1.783324510275802188e-01 2.012522226780186219e-01 1.530392126963553701e-01 -3.846571820135730874e-02 1.839455242942370297e-02 7.725755896717165228e-02 6.505746186629159100e-02 -3.348758915323217511e-02 4.236416051683778577e-02 1.453491284104969639e-01 -1.292693066098534460e-01 -1.783641992893226502e-01 1.000000000000000000e+00 1.376316516210052965e-01 7.568157543622676398e-02
-6.763811063455923978e-02 -4.797544598703204488e-02 -8.455088202125184138e-03 1.109751808412448165e-01 1.998511138330658632e-01 2.464348307683932385e-02 2.275984388146414239e-01 6.732587512642335126e-02 -1.072794784045515981e-01 7.642319007390063756e-02 8.128252019640562487e-02 -8.625263813508309008e-02 3.061371027906976960e-02 1.038513705985716212e-01 1.310636285428901648e-01 1.246311968420946159e-01 1.899628946139513691e-02 -2.505158869711057376e-02 1.193413223808512114e-01 -8.366817575115741146e-02 1.275501981015059738e-01 1.376316516210052965e-01 1.000000000000000000e+00 3.560544738442825152e-01
-1.521317219135372711e-01 -1.838809545486093378e-01 6.000884715281376569e-02 9.424196172797360757e-03 9.642173365135378940e-03 -1.059261558516572388e-01 1.787557656671887873e-01 -6.181488867824865702e-02 1.258188019184133810e-01 2.424086607713947239e-01 -7.366352862351954744e-02 -1.222286075203449507e-01 -1.570809361873457544e-01 1.810540371596311149e-01 -3.254106931739635805e-02 1.143798468948002515e-02 -1.897991740600201704e-01 -1.658165448393147112e-01 1.902080875838885465e-01 4.013985354733130145e-02 4.856960627603953279e-02 7.568157543622676398e-02 3.560544738442825152e-01 1.000000000000000000e+00
