1.178688813410168223e+04 -8.138841579150357575e+02 -6.495700672862481042e+02 -4.137807113293980592e+02 1.471272490569923832e+02 -5.201162619160998020e+02 3.546551293172273631e+02 -1.175944381980643243e+02 -2.184812830960810288e+02 -6.123621180910129169e+01 1.035530193137174848e+01 3.580551467360334783e+01 3.520048570572402724e+01 -1.393944491651597595e+01 1.772370616800348841e+01 -1.259701817425377968e+01 1.579238505767242007e+00 -3.434514507500360470e+00 4.267348828978827058e+00 3.707691464048915808e+00 1.723160516926121044e+00 -1.184740483072788564e+00 -1.595567031006215108e+00 -3.194328777595846880e+00
-8.138841579150357575e+02 7.200569320758689173e+03 7.023248313168512595e+02 2.700526361408362277e+02 -4.684897539191986766e+02 2.999620512392289129e+02 1.222961099696985769e+02 9.861521621047778297e+01 1.440091102156292209e+02 4.804919638121529779e+00 1.110952538284987590e+01 -3.387204110591200390e+01 -3.061296570511319359e+01 1.877246624629701044e+00 8.391394584925357947e+00 5.535833993417309529e+00 -6.645969298781744250e+00 2.344111199051192251e+00 3.562329031039577654e+00 5.788926203636897139e-01 -1.956578799623204690e+00 3.482198343334668156e+00 9.994491591976651934e-01 2.628891231319037125e+00
-6.495700672862481042e+02 7.023248313168512595e+02 4.851607243448387635e+03 -2.592136031805363814e+02 -2.497700863027860407e+01 6.152485901995307671e+01 1.686693125940467723e+02 3.142382135796249187e+01 1.390572813806757608e+02 3.186025312347420169e+01 -1.045104906138497824e+01 3.738619762135301006e+00 2.441712365094666382e+01 -5.733977493548527704e+00 -8.974141773770023534e+00 9.451713343171462611e+00 2.964156888441758397e+00 -4.083796248261222672e+00 -5.832029579833328370e+00 2.301649946644084288e+00 5.554455142886648433e-01 1.523952660876988663e+00 6.306504565766860027e-02 4.803615794393952254e-01
-4.137807113293980592e+02 2.700526361408362277e+02 -2.592136031805363814e+02 4.317085049987134880e+03 1.559933571916900519e+02 -1.329041123459874143e+02 -3.350496319834655310e+02 -3.420609816074976095e+01 -8.735500962423415672e+01 -5.603910972177096284e+01 3.851114897200070164e+00 2.425533719048649672e+01 -1.909690282580069365e+01 -2.030692025896203035e+01 -2.754296898044029973e+01 -1.387548203171126426e-01 4.782429563664874372e+00 -1.605363507130123324e+00 -2.042319549545889679e+00 -1.865167136903379319e+00 1.167392472169061390e+00 2.436965258842719972e+00 1.561876821956883488e+00 4.952470632788273930e-01
1.471272490569923832e+02 -4.684897539191986766e+02 -2.497700863027860407e+01 1.559933571916900519e+02 1.098840704064488591e+03 -1.111472571617607485e+01 7.129756807637450322e+01 3.914136899251384705e+01 1.772457372276037901e+01 2.440667513696276103e+01 9.924709613288885957e-02 1.194786603433089667e+01 4.578716831060573256e+00 -1.689795628644961578e+00 -3.485918951818867129e-01 -2.045267421145951836e+00 1.443096718095409958e+00 -2.991738648116418764e-01 2.739814978138875201e+00 9.030238504821673784e-01 -1.271136429688788094e-01 -1.160108157737449741e-01 -7.947292107981780429e-01 -8.130009714449981661e-01
-5.201162619160998020e+02 2.999620512392289129e+02 6.152485901995307671e+01 -1.329041123459874143e+02 -1.111472571617607485e+01 7.437073984663868487e+02 -1.236373922818476245e+02 -9.051749664718889221e+01 -8.154217189365816409e+00 -1.785019476518660397e+01 -3.784322492920384029e+00 -1.594228727084997743e+00 1.206332062288773876e+01 -1.206305461820835534e+00 -2.717925675074048808e-01 1.542999117158088684e-01 -4.539095985695553170e-01 -1.722581132057763087e+00 2.681822141485038280e+00 -1.776244757641220473e-01 -2.199322479908429051e-01 -9.917330912597784043e-02 3.432447404672638869e-01 7.920278902334447479e-02
3.546551293172273631e+02 1.222961099696985769e+02 1.686693125940467723e+02 -3.350496319834655310e+02 7.129756807637450322e+01 -1.236373922818476245e+02 3.907943368386507359e+02 8.472274604918253260e+01 2.247490921543503362e+01 8.225387860783056837e+00 8.644404743817078796e+00 6.084983329774466654e+00 -7.038809408054459205e+00 2.738748347028078900e+00 3.480056972849850716e+00 -3.996586220404838574e+00 -1.237018302225535660e+00 -2.385195498707306960e+00 7.619951825603697992e-01 -4.307476636715763807e-02 -3.791007784035891337e-01 -8.484683497347615677e-02 -1.838540665833351684e-01 -4.057575131737007901e-01
-1.175944381980643243e+02 9.861521621047778297e+01 3.142382135796249187e+01 -3.420609816074976095e+01 3.914136899251384705e+01 -9.051749664718889221e+01 8.472274604918253260e+01 2.054061245965599198e+02 2.417145962493801292e+01 1.382216465371669400e+01 2.584132647906695723e+00 6.516332737763781857e+00 -5.182257013716133898e+00 -3.961732594473006852e+00 -5.583494801596049495e-01 -1.834530934498867172e+00 1.508785833847338213e-02 6.311429937681970470e-01 -3.178236072898224518e-01 2.441477762781861238e-01 -6.274595777184225343e-01 4.566804316238811529e-02 -1.824531170014068171e-01 -9.829140794537467862e-02
-2.184812830960810288e+02 1.440091102156292209e+02 1.390572813806757608e+02 -8.735500962423415672e+01 1.772457372276037901e+01 -8.154217189365816409e+00 2.247490921543503362e+01 2.417145962493801292e+01 9.194689003470011812e+01 1.159331221778449894e+01 -4.029815998783334408e+00 4.540087480920807494e-01 -2.647985383403398174e+00 -1.560858119480910799e+00 5.112176310483321773e-01 5.456006414671307203e-01 4.310419222065743350e-01 6.415191446065500180e-01 3.898811332994052137e-01 2.112650765899745098e-01 -1.954042694680548642e-01 -5.756211556377616168e-02 -1.425052120653741705e-01 -8.890945752314452846e-03
-6.123621180910129169e+01 4.804919638121529779e+00 3.186025312347420169e+01 -5.603910972177096284e+01 2.440667513696276103e+01 -1.785019476518660397e+01 8.225387860783056837e+00 1.382216465371669400e+01 1.159331221778449894e+01 4.314034172258286759e+01 -1.971787518899194014e+00 8.666472945411450857e-01 -6.595567068279148959e-01 1.265530539366734653e+00 1.998906353318951279e+00 -1.808565291860531055e-02 8.560869833179926003e-01 -5.721581635266597132e-01 4.379666520147609821e-02 1.174698441172443569e-01 1.101896557116806979e-01 -3.228571285962032050e-02 1.622663869997973685e-01 5.543264377272438814e-02
1.035530193137174848e+01 1.110952538284987590e+01 -1.045104906138497824e+01 3.851114897200070164e+00 9.924709613288885957e-02 -3.784322492920384029e+00 8.644404743817078796e+00 2.584132647906695723e+00 -4.029815998783334408e+00 -1.971787518899194014e+00 2.505568617962617495e+01 4.208412658107508086e+00 9.213086470884402912e-01 -3.844034394082732620e-01 -5.440522363150182006e-01 -1.230384534777307359e-01 4.833998738766618342e-01 2.366227391594675766e-01 -5.602482472033464694e-02 -6.098317062664115884e-02 -6.078331312639868172e-02 -1.447842017480233945e-01 -2.387147504573700063e-02 6.058909279717376861e-02
3.580551467360334783e+01 -3.387204110591200390e+01 3.738619762135301006e+00 2.425533719048649672e+01 1.194786603433089667e+01 -1.594228727084997743e+00 6.084983329774466654e+00 6.516332737763781857e+00 4.540087480920807494e-01 8.666472945411450857e-01 4.208412658107508086e+00 8.144949658541932536e+00 1.579561463375566133e+00 -7.091390660044193384e-01 -6.495039234000451467e-01 -4.015048197218539228e-01 2.445952371643733136e-01 -2.803000349766454624e-01 1.330418390092434067e-01 1.269393441067311612e-01 -2.114594290282391376e-02 -5.300763727188641250e-02 -5.977035169923040209e-02 -1.098118750094689150e-02
3.520048570572402724e+01 -3.061296570511319359e+01 2.441712365094666382e+01 -1.909690282580069365e+01 4.578716831060573256e+00 1.206332062288773876e+01 -7.038809408054459205e+00 -5.182257013716133898e+00 -2.647985383403398174e+00 -6.595567068279148959e-01 9.213086470884402912e-01 1.579561463375566133e+00 6.148792780307744010e+00 -1.186228624339595195e+00 6.032942997681415287e-01 2.074329983787298881e-01 -1.728667645494240401e-01 -1.458036775873097768e-01 5.008310527826079911e-02 9.378915118432221143e-02 1.079971980720243613e-04 -3.794109370949709514e-02 -2.039209512447803102e-02 8.540406009763667691e-03
-1.393944491651597595e+01 1.877246624629701044e+00 -5.733977493548527704e+00 -2.030692025896203035e+01 -1.689795628644961578e+00 -1.206305461820835534e+00 2.738748347028078900e+00 -3.961732594473006852e+00 -1.560858119480910799e+00 1.265530539366734653e+00 -3.844034394082732620e-01 -7.091390660044193384e-01 -1.186228624339595195e+00 3.143432757527526267e+00 -4.048031950213566710e-02 8.852661509758003033e-02 2.720069666769258168e-02 -1.115942510466644416e-01 7.693704388362521129e-02 5.923381583737785672e-02 4.313723156299244937e-02 -3.212441452911556777e-02 2.895751508398988067e-02 -1.203869979493448362e-03
1.772370616800348841e+01 8.391394584925357947e+00 -8.974141773770023534e+00 -2.754296898044029973e+01 -3.485918951818867129e-01 -2.717925675074048808e-01 3.480056972849850716e+00 -5.583494801596049495e-01 5.112176310483321773e-01 1.998906353318951279e+00 -5.440522363150182006e-01 -6.495039234000451467e-01 6.032942997681415287e-01 -4.048031950213566710e-02 2.575159355919705906e+00 3.266819248016800820e-02 -7.662104518760094740e-02 -1.816648006891864037e-02 5.152886517672797956e-02 5.327914205860856400e-02 -5.545568319398710283e-02 -2.140654089312991892e-02 -1.077960249952743385e-03 -1.195865232218784949e-02
-1.259701817425377968e+01 5.535833993417309529e+00 9.451713343171462611e+00 -1.387548203171126426e-01 -2.045267421145951836e+00 1.542999117158088684e-01 -3.996586220404838574e+00 -1.834530934498867172e+00 5.456006414671307203e-01 -1.808565291860531055e-02 -1.230384534777307359e-01 -4.015048197218539228e-01 2.074329983787298881e-01 8.852661509758003033e-02 3.266819248016800820e-02 7.729096826549202159e-01 4.143197314223694139e-02 1.480504944389760078e-03 -2.649575932844461593e-02 1.994118454028584800e-02 1.672446955805442087e-02 1.675972867330180471e-02 -4.956230028514778049e-03 6.237121239932343075e-03
1.579238505767242007e+00 -6.645969298781744250e+00 2.964156888441758397e+00 4.782429563664874372e+00 1.443096718095409958e+00 -4.539095985695553170e-01 -1.237018302225535660e+00 1.508785833847338213e-02 4.310419222065743350e-01 8.560869833179926003e-01 4.833998738766618342e-01 2.445952371643733136e-01 -1.728667645494240401e-01 2.720069666769258168e-02 -7.662104518760094740e-02 4.143197314223694139e-02 3.810400391864736669e-01 7.732055668602047689e-03 8.572631779815521880e-03 6.829948657408415648e-03 -1.900782627474149195e-02 3.499063206608928490e-03 8.972451074386279465e-05 2.216176136202837894e-03
-3.434514507500360470e+00 2.344111199051192251e+00 -4.083796248261222672e+00 -1.605363507130123324e+00 -2.991738648116418764e-01 -1.722581132057763087e+00 -2.385195498707306960e+00 6.311429937681970470e-01 6.415191446065500180e-01 -5.721581635266597132e-01 2.366227391594675766e-01 -2.803000349766454624e-01 -1.458036775873097768e-01 -1.115942510466644416e-01 -1.816648006891864037e-02 1.480504944389760078e-03 7.732055668602047689e-03 2.921513422580716557e-01 -5.371155806594063442e-02 8.340240951772843331e-03 -1.647934226537691935e-02 -1.288367441569259961e-02 -1.769131817912087887e-02 1.674588399410821549e-03
4.267348828978827058e+00 3.562329031039577654e+00 -5.832029579833328370e+00 -2.042319549545889679e+00 2.739814978138875201e+00 2.681822141485038280e+00 7.619951825603697992e-01 -3.178236072898224518e-01 3.898811332994052137e-01 4.379666520147609821e-02 -5.602482472033464694e-02 1.330418390092434067e-01 5.008310527826079911e-02 7.693704388362521129e-02 5.152886517672797956e-02 -2.649575932844461593e-02 8.572631779815521880e-03 -5.371155806594063442e-02 1.952928639293422808e-01 1.671362365877862230e-02 -6.142666741489534454e-03 3.835543415595044775e-03 2.265640965824378562e-03 -4.479759189997305148e-04
3.707691464048915808e+00 5.788926203636897139e-01 2.301649946644084288e+00 -1.865167136903379319e+00 9.030238504821673784e-01 -1.776244757641220473e-01 -4.307476636715763807e-02 2.441477762781861238e-01 2.112650765899745098e-01 1.174698441172443569e-01 -6.098317062664115884e-02 1.269393441067311612e-01 9.378915118432221143e-02 5.923381583737785672e-02 5.327914205860856400e-02 1.994118454028584800e-02 6.829948657408415648e-03 8.340240951772843331e-03 1.671362365877862230e-02 6.231031052981690632e-02 -2.653616336769197299e-03 -1.087687171469532525e-03 3.271391564607081370e-03 3.631344972497185970e-03
1.723160516926121044e+00 -1.956578799623204690e+00 5.554455142886648433e-01 1.167392472169061390e+00 -1.271136429688788094e-01 -2.199322479908429051e-01 -3.791007784035891337e-01 -6.274595777184225343e-01 -1.954042694680548642e-01 1.101896557116806979e-01 -6.078331312639868172e-02 -2.114594290282391376e-02 1.079971980720243613e-04 4.313723156299244937e-02 -5.545568319398710283e-02 1.672446955805442087e-02 -1.900782627474149195e-02 -1.647934226537691935e-02 -6.142666741489534454e-03 -2.653616336769197299e-03 4.056131489781959754e-02 7.420659693085306617e-04 5.159128173343528571e-03 -2.023595600587233152e-03
-1.184740483072788564e+00 3.482198343334668156e+00 1.523952660876988663e+00 2.436965258842719972e+00 -1.160108157737449741e-01 -9.917330912597784043e-02 -8.484683497347615677e-02 4.566804316238811529e-02 -5.756211556377616168e-02 -3.228571285962032050e-02 -1.447842017480233945e-01 -5.300763727188641250e-02 -3.794109370949709514e-02 -3.212441452911556777e-02 -2.140654089312991892e-02 1.675972867330180471e-02 3.499063206608928490e-03 -1.288367441569259961e-02 3.835543415595044775e-03 -1.087687171469532525e-03 7.420659693085306617e-04 3.022787285657577844e-02 8.269050682781060868e-03 1.459777984679355408e-03
-1.595567031006215108e+00 9.994491591976651934e-01 6.306504565766860027e-02 1.561876821956883488e+00 -7.947292107981780429e-01 3.432447404672638869e-01 -1.838540665833351684e-01 -1.824531170014068171e-01 -1.425052120653741705e-01 1.622663869997973685e-01 -2.387147504573700063e-02 -5.977035169923040209e-02 -2.039209512447803102e-02 2.895751508398988067e-02 -1.077960249952743385e-03 -4.956230028514778049e-03 8.972451074386279465e-05 -1.769131817912087887e-02 2.265640965824378562e-03 3.271391564607081370e-03 5.159128173343528571e-03 8.269050682781060868e-03 2.001076611799677482e-02 6.437518722912467448e-03
-3.194328777595846880e+00 2.628891231319037125e+00 4.803615794393952254e-01 4.952470632788273930e-01 -8.130009714449981661e-01 7.920278902334447479e-02 -4.057575131737007901e-01 -9.829140794537467862e-02 -8.890945752314452846e-03 5.543264377272438814e-02 6.058909279717376861e-02 -1.098118750094689150e-02 8.540406009763667691e-03 -1.203869979493448362e-03 -1.195865232218784949e-02 6.237121239932343075e-03 2.216176136202837894e-03 1.674588399410821549e-03 -4.479759189997305148e-04 3.631344972497185970e-03 -2.023595600587233152e-03 1.459777984679355408e-03 6.437518722912467448e-03 9.620489968149755974e-03
