5.639237679982505142e+03 -7.830682898872927353e+02 4.876954876550390736e+02 1.532581420616752510e+01 -2.889571048390621399e+02 7.400923938112768496e+01 -3.491636460900449634e+01 5.277773015984641880e+00 5.833328129466802636e+01 4.064591444299932732e+01 -5.532939670487565564e+01 6.119089499409073873e+00 -2.279546829007529496e+01 -1.995531274905624741e+01 -2.588340196443171237e+01 -1.074720419638743607e+01 -1.779809281119437037e+00 2.669118917427903082e+00 -5.641581702374319107e+00 -1.348190508205042493e+00 2.826048715983944692e+00 1.420312771861154955e-01 -1.349670443799044217e-01 -2.683512792909246159e-01
-7.830682898872927353e+02 2.988958250423967456e+03 -2.772586501372672956e+02 2.083299456806091854e+01 -9.134686852189116735e+01 -6.543225356109664936e+00 -3.960120195105519514e+01 2.899808243935675733e+01 5.789515261722907091e+00 -2.848413438900213279e+01 -7.649393597078558926e+00 -2.118963936879857712e+01 1.166357069021185300e+00 6.771146846415442289e-01 4.577533542646877507e+00 -1.837096336634920224e+00 -7.898870820324056519e-01 1.126720227690269249e+00 3.600558852396673171e+00 1.011905619925893424e-01 1.145499165385788887e+00 -1.435373966002889690e-01 -1.656330063769760053e-01 -1.820415524635749238e-01
4.876954876550390736e+02 -2.772586501372672956e+02 1.118986264916851496e+03 -1.227609330082519676e+02 -1.826823125051550676e+02 5.084865826800282207e+01 -9.429396883696604448e+00 7.379369714755132037e+00 4.446270437734389702e+01 -1.906696490336464578e+01 7.888225526377572017e+00 1.162556988692487181e+01 -5.911575451444486262e+00 -6.916959312992511322e+00 -5.860878015381866923e+00 -5.529776309225309383e-01 -3.957581302763440334e+00 -1.292299675485074628e+00 -8.860682340441481397e-01 3.163128401973853143e-01 1.235634336559554347e+00 -6.432319973959977899e-01 -5.809613364685785042e-01 -4.387289967590680684e-01
1.532581420616752510e+01 2.083299456806091854e+01 -1.227609330082519676e+02 5.821483410472358173e+02 -1.508251386344019451e+01 -8.166918366112678740e+00 1.843406686052300358e+01 1.869106345650096657e+01 3.169822167488943077e+00 7.483128628639946989e+00 1.247530453707984766e+00 4.727008705387556908e+00 3.319952225360078391e+00 7.039733652543540110e+00 3.440927631442899232e-02 -2.399772849566751132e-01 -7.050577375512181999e-02 1.929682011422718446e+00 6.436585067360396373e-01 6.271475927756858804e-02 6.295768929491220023e-01 2.771394388497189776e-01 -5.277746905155256130e-03 -1.733942178085740859e-01
-2.889571048390621399e+02 -9.134686852189116735e+01 -1.826823125051550676e+02 -1.508251386344019451e+01 4.400145189726338799e+02 6.246434241231120410e+01 3.715631658318337571e+01 3.781986130698543036e+01 -2.119300104808102603e+01 3.476584437125964100e-01 -4.216471482643976643e+00 -7.167436237673073807e-01 -6.591713677935392646e+00 2.782106423416584207e+00 4.637321208980974774e+00 -1.181997157643275509e+00 -2.317743593207983288e+00 -4.036295063971455654e-01 -2.674265365116146875e-01 -5.515168293272908473e-01 -7.797882692851116904e-01 -1.359116136174089162e-01 4.926475512925708733e-01 6.365946533127679607e-02
7.400923938112768496e+01 -6.543225356109664936e+00 5.084865826800282207e+01 -8.166918366112678740e+00 6.246434241231120410e+01 1.858295156880635091e+02 -2.434473866861267055e+01 1.018728351119956166e+01 9.870858786913185412e+00 -3.258397229093634717e+00 -2.505916639284138991e+00 2.707134137888834058e+00 -4.840211492295199980e-01 3.384686263955928975e+00 -8.697724733603244829e-01 6.313792775196102117e-03 -1.298719498472598044e-01 7.306908777168781288e-01 -2.683416568660187615e-02 -4.851117142473808652e-01 7.575266524707144344e-02 2.156253789519040620e-01 1.771206880322188093e-01 3.173506312727235150e-03
-3.491636460900449634e+01 -3.960120195105519514e+01 -9.429396883696604448e+00 1.843406686052300358e+01 3.715631658318337571e+01 -2.434473866861267055e+01 1.241269722798115680e+02 2.092269743005044447e+01 2.613865647805982961e-01 3.382084739897659453e+00 1.098379072827674774e+00 4.469058366003581639e+00 -1.257226531940531800e+00 -9.900840780851856149e-01 1.291858264691563563e-01 4.792528736972053172e-01 -9.225813682339628619e-01 -8.276911379693646653e-01 -5.294801804216193730e-01 -1.534473706891044398e-02 -8.460680677476230260e-02 2.421150492334774584e-01 6.227808318307828661e-02 4.322280387478167479e-02
5.277773015984641880e+00 2.899808243935675733e+01 7.379369714755132037e+00 1.869106345650096657e+01 3.781986130698543036e+01 1.018728351119956166e+01 2.092269743005044447e+01 9.316226612796414486e+01 2.748471543297810626e+00 -2.257623781797620577e+00 2.048656637462451524e+00 -8.836495368707423248e-01 -1.753480545479717267e-01 -1.148112611747265532e+00 1.595353759521045856e+00 -3.525755851131931462e-01 -7.757515290437734246e-01 -5.850944297125326710e-01 2.096294686882627101e-01 1.632677747699511073e-01 1.744107314833470423e-01 -8.994078604224849116e-02 8.493052387912308765e-02 7.838181010326773779e-02
5.833328129466802636e+01 5.789515261722907091e+00 4.446270437734389702e+01 3.169822167488943077e+00 -2.119300104808102603e+01 9.870858786913185412e+00 2.613865647805982961e-01 2.748471543297810626e+00 4.493105208535518358e+01 -1.032669247258576117e+00 -9.189943950503070003e-01 6.890758862919041938e-01 9.735478582831320615e-01 -6.610128973738189639e-01 7.119625172662690238e-01 -3.644632739461324267e-01 1.720913629649961363e-01 -6.218100489389621899e-01 4.838428562969253333e-02 2.492448498732573875e-02 4.064274513584746895e-01 -2.353154919211298268e-01 -6.146259059054488827e-02 9.487163133205840648e-02
4.064591444299932732e+01 -2.848413438900213279e+01 -1.906696490336464578e+01 7.483128628639946989e+00 3.476584437125964100e-01 -3.258397229093634717e+00 3.382084739897659453e+00 -2.257623781797620577e+00 -1.032669247258576117e+00 2.343847354925165405e+01 -2.630104093400133181e+00 1.698648628296547114e-01 -1.326462030755142463e+00 7.497882120697257902e-01 6.921590959907728546e-01 -7.914676147737949308e-02 -2.363396933182921877e-01 2.687047404654438476e-01 3.014516252274059283e-01 -5.131819505467957038e-02 1.185519593855846460e-01 2.199297582615900720e-02 1.586950359846438924e-02 1.072696976499928484e-01
-5.532939670487565564e+01 -7.649393597078558926e+00 7.888225526377572017e+00 1.247530453707984766e+00 -4.216471482643976643e+00 -2.505916639284138991e+00 1.098379072827674774e+00 2.048656637462451524e+00 -9.189943950503070003e-01 -2.630104093400133181e+00 1.326527482190125795e+01 -5.340094585362502588e-01 5.857858331430995102e-01 3.656796358103288069e-01 1.083187713820195297e+00 4.850555551453008540e-01 1.008090424322375944e-01 -5.930539879397811465e-02 7.819682352482840160e-02 -7.968347394757496760e-02 -1.192305377707339985e-02 5.398037848829820989e-02 7.684659902529302963e-03 -2.040124744866723266e-02
6.119089499409073873e+00 -2.118963936879857712e+01 1.162556988692487181e+01 4.727008705387556908e+00 -7.167436237673073807e-01 2.707134137888834058e+00 4.469058366003581639e+00 -8.836495368707423248e-01 6.890758862919041938e-01 1.698648628296547114e-01 -5.340094585362502588e-01 7.289298784268755327e+00 -9.453887372384205401e-01 5.956431755071520673e-01 -1.521245920427837517e-01 1.736473758503555564e-01 1.414992070423222725e-01 6.760618303116822103e-02 -3.395215606944949616e-01 1.035776023862689356e-03 1.290043745015589417e-02 1.321755082581711760e-02 -3.641736380196041595e-02 -5.533883473991645791e-02
-2.279546829007529496e+01 1.166357069021185300e+00 -5.911575451444486262e+00 3.319952225360078391e+00 -6.591713677935392646e+00 -4.840211492295199980e-01 -1.257226531940531800e+00 -1.753480545479717267e-01 9.735478582831320615e-01 -1.326462030755142463e+00 5.857858331430995102e-01 -9.453887372384205401e-01 4.082078231387047396e+00 -1.110504650017566791e-01 -3.431158497700277921e-01 1.642442339103131199e-01 1.451815739699145735e-01 -8.171621995323796739e-02 -8.150033323751447456e-02 -1.038835467782180666e-01 -5.084135998605657410e-03 -3.228268077628387075e-03 8.849322653548414783e-03 -2.403800360356251470e-02
-1.995531274905624741e+01 6.771146846415442289e-01 -6.916959312992511322e+00 7.039733652543540110e+00 2.782106423416584207e+00 3.384686263955928975e+00 -9.900840780851856149e-01 -1.148112611747265532e+00 -6.610128973738189639e-01 7.497882120697257902e-01 3.656796358103288069e-01 5.956431755071520673e-01 -1.110504650017566791e-01 2.431377100599298569e+00 -5.261820600036767881e-02 -8.422269457838765794e-02 -4.708750630892364480e-02 6.675319409941789239e-02 1.480602540235232377e-02 -1.116724188797093772e-02 2.898712044458526260e-02 6.151532637362884172e-06 2.871518273475569261e-02 2.442901903686805348e-02
-2.588340196443171237e+01 4.577533542646877507e+00 -5.860878015381866923e+00 3.440927631442899232e-02 4.637321208980974774e+00 -8.697724733603244829e-01 1.291858264691563563e-01 1.595353759521045856e+00 7.119625172662690238e-01 6.921590959907728546e-01 1.083187713820195297e+00 -1.521245920427837517e-01 -3.431158497700277921e-01 -5.261820600036767881e-02 1.226035369594620450e+00 1.365444107476725677e-01 5.595695891413533102e-02 -5.113806984926572152e-02 4.433777973809219924e-02 -2.408319991609455916e-03 -1.534010104794375842e-02 8.891338439374887534e-03 7.808954639305100941e-03 1.526596755098331981e-02
-1.074720419638743607e+01 -1.837096336634920224e+00 -5.529776309225309383e-01 -2.399772849566751132e-01 -1.181997157643275509e+00 6.313792775196102117e-03 4.792528736972053172e-01 -3.525755851131931462e-01 -3.644632739461324267e-01 -7.914676147737949308e-02 4.850555551453008540e-01 1.736473758503555564e-01 1.642442339103131199e-01 -8.422269457838765794e-02 1.365444107476725677e-01 5.828020258882442572e-01 -5.171274797374940174e-04 -3.139540826043281385e-02 -3.028723968711492798e-02 -2.648199333785931225e-02 -1.063266108377348973e-02 1.136750992587383206e-02 1.418409154580762416e-02 8.590360498113746440e-03
-1.779809281119437037e+00 -7.898870820324056519e-01 -3.957581302763440334e+00 -7.050577375512181999e-02 -2.317743593207983288e+00 -1.298719498472598044e-01 -9.225813682339628619e-01 -7.757515290437734246e-01 1.720913629649961363e-01 -2.363396933182921877e-01 1.008090424322375944e-01 1.414992070423222725e-01 1.451815739699145735e-01 -4.708750630892364480e-02 5.595695891413533102e-02 -5.171274797374940174e-04 3.613259636012498555e-01 2.158759938127597158e-02 -4.413961781243517894e-03 -9.217749561687169774e-03 -9.015764394971221424e-03 8.568809262705307309e-04 6.377938003410074837e-03 -4.939654402776754577e-03
2.669118917427903082e+00 1.126720227690269249e+00 -1.292299675485074628e+00 1.929682011422718446e+00 -4.036295063971455654e-01 7.306908777168781288e-01 -8.276911379693646653e-01 -5.850944297125326710e-01 -6.218100489389621899e-01 2.687047404654438476e-01 -5.930539879397811465e-02 6.760618303116822103e-02 -8.171621995323796739e-02 6.675319409941789239e-02 -5.113806984926572152e-02 -3.139540826043281385e-02 2.158759938127597158e-02 1.374218950842915898e-01 6.219443311972831095e-03 5.552501589159912314e-03 1.455537437623893697e-02 -3.956201470060725055e-03 -4.078926606451356335e-04 -5.085348860712130860e-03
-5.641581702374319107e+00 3.600558852396673171e+00 -8.860682340441481397e-01 6.436585067360396373e-01 -2.674265365116146875e-01 -2.683416568660187615e-02 -5.294801804216193730e-01 2.096294686882627101e-01 4.838428562969253333e-02 3.014516252274059283e-01 7.819682352482840160e-02 -3.395215606944949616e-01 -8.150033323751447456e-02 1.480602540235232377e-02 4.433777973809219924e-02 -3.028723968711492798e-02 -4.413961781243517894e-03 6.219443311972831095e-03 1.402561863717587398e-01 1.683191047059212977e-02 -4.110414359531110347e-03 8.012870282650890602e-03 6.834923371909948711e-03 7.924154182116182471e-03
-1.348190508205042493e+00 1.011905619925893424e-01 3.163128401973853143e-01 6.271475927756858804e-02 -5.515168293272908473e-01 -4.851117142473808652e-01 -1.534473706891044398e-02 1.632677747699511073e-01 2.492448498732573875e-02 -5.131819505467957038e-02 -7.968347394757496760e-02 1.035776023862689356e-03 -1.038835467782180666e-01 -1.116724188797093772e-02 -2.408319991609455916e-03 -2.648199333785931225e-02 -9.217749561687169774e-03 5.552501589159912314e-03 1.683191047059212977e-02 6.150225582999378077e-02 6.426075342645852506e-03 -2.136373636858112691e-03 -1.963561296152178254e-03 1.400577765121202795e-03
2.826048715983944692e+00 1.145499165385788887e+00 1.235634336559554347e+00 6.295768929491220023e-01 -7.797882692851116904e-01 7.575266524707144344e-02 -8.460680677476230260e-02 1.744107314833470423e-01 4.064274513584746895e-01 1.185519593855846460e-01 -1.192305377707339985e-02 1.290043745015589417e-02 -5.084135998605657410e-03 2.898712044458526260e-02 -1.534010104794375842e-02 -1.063266108377348973e-02 -9.015764394971221424e-03 1.455537437623893697e-02 -4.110414359531110347e-03 6.426075342645852506e-03 3.207909067279008514e-02 -3.094273230738525757e-03 6.422615276659712292e-04 -1.800587839450303680e-04
1.420312771861154955e-01 -1.435373966002889690e-01 -6.432319973959977899e-01 2.771394388497189776e-01 -1.359116136174089162e-01 2.156253789519040620e-01 2.421150492334774584e-01 -8.994078604224849116e-02 -2.353154919211298268e-01 2.199297582615900720e-02 5.398037848829820989e-02 1.321755082581711760e-02 -3.228268077628387075e-03 6.151532637362884172e-06 8.891338439374887534e-03 1.136750992587383206e-02 8.568809262705307309e-04 -3.956201470060725055e-03 8.012870282650890602e-03 -2.136373636858112691e-03 -3.094273230738525757e-03 2.128736471974514502e-02 4.829999040978644707e-03 2.586598297744202839e-03
-1.349670443799044217e-01 -1.656330063769760053e-01 -5.809613364685785042e-01 -5.277746905155256130e-03 4.926475512925708733e-01 1.771206880322188093e-01 6.227808318307828661e-02 8.493052387912308765e-02 -6.146259059054488827e-02 1.586950359846438924e-02 7.684659902529302963e-03 -3.641736380196041595e-02 8.849322653548414783e-03 2.871518273475569261e-02 7.808954639305100941e-03 1.418409154580762416e-02 6.377938003410074837e-03 -4.078926606451356335e-04 6.834923371909948711e-03 -1.963561296152178254e-03 6.422615276659712292e-04 4.829999040978644707e-03 9.674470102086479145e-03 4.416593373251506000e-03
-2.683512792909246159e-01 -1.820415524635749238e-01 -4.387289967590680684e-01 -1.733942178085740859e-01 6.365946533127679607e-02 3.173506312727235150e-03 4.322280387478167479e-02 7.838181010326773779e-02 9.487163133205840648e-02 1.072696976499928484e-01 -2.040124744866723266e-02 -5.533883473991645791e-02 -2.403800360356251470e-02 2.442901903686805348e-02 1.526596755098331981e-02 8.590360498113746440e-03 -4.939654402776754577e-03 -5.085348860712130860e-03 7.924154182116182471e-03 1.400577765121202795e-03 -1.800587839450303680e-04 2.586598297744202839e-03 4.416593373251506000e-03 8.195034160068392914e-03
