1.000000000000000000e+00 5.509809187323567309e-02 1.465716996095750846e-01 -7.439896585851613064e-02 1.441576687441666893e-01 1.656021899855350810e-01 -6.965912038701310705e-02 -9.187019918370102622e-02 -5.582943194040257753e-03 1.130190907431432024e-01 -1.236124317435486342e-01 2.434345486754022347e-01 -1.302527221151108527e-01 -1.804768747172563470e-01 2.669453558199241620e-03 -1.906011128203285998e-02 9.199516907261647003e-02 -6.788143392047992115e-03 7.482986387434555076e-02 -1.185984371820300448e-01 -2.109845728923904259e-04 -2.912010444062328521e-02 -2.043956208895732554e-02 1.728922626886827962e-02
5.509809187323567309e-02 1.000000000000000000e+00 -1.057498813021331002e-01 -1.194883042946381091e-01 1.221074282558316654e-01 -2.229398528937199531e-01 1.696043407400885800e-02 -1.075812713729695433e-02 2.024262005672025355e-01 -7.556878431252136812e-03 5.150233572661266218e-02 1.029877386376771425e-01 1.166928197155791685e-01 -8.542238091055312510e-02 6.337327690728250529e-02 7.608240101496210883e-02 6.469062172650585918e-02 9.310876492177147176e-03 -1.835591128260187777e-01 1.764719930495409900e-02 -8.637881000708008683e-02 -2.729377001440915981e-02 6.091043563000789196e-02 -3.160860203687622903e-03
1.465716996095750846e-01 -1.057498813021331002e-01 1.000000000000000000e+00 -9.736601948423610764e-02 1.377625924415494356e-02 -7.278743838268160460e-02 4.762561291547313946e-02 -1.235991465935101612e-02 7.598633721376743533e-02 1.107950939014143016e-01 -9.565716067341845097e-02 6.997626849701534674e-03 -2.239331765352834402e-01 7.552163239482372059e-02 -6.239099499205269517e-02 -4.224790250137862996e-02 8.443943233877693189e-02 1.724040997165399505e-02 1.703216827547880674e-01 2.441726644537325561e-02 1.232714092838668035e-01 4.971123506662283170e-02 3.674507415400006527e-02 3.965529180465340170e-02
-7.439896585851613064e-02 -1.194883042946381091e-01 -9.736601948423610764e-02 1.000000000000000000e+00 5.379059071354886506e-02 1.778654918489979975e-01 8.770927942507000807e-02 6.048447871368919926e-02 6.091432267868506639e-02 3.883503956264237889e-02 4.692312476623910350e-02 1.247584114611599571e-01 8.363670405133749597e-02 2.251179495411658182e-01 2.063699609905644480e-02 7.120743561043419746e-03 -5.932634348430862285e-03 -3.394458509971015614e-02 2.439956746064855797e-01 2.519193989333984862e-01 1.190622595452572596e-01 4.039025780606799593e-02 -2.197850383473998540e-02 7.491846219434294962e-02
1.441576687441666893e-01 1.221074282558316654e-01 1.377625924415494356e-02 5.379059071354886506e-02 1.000000000000000000e+00 -1.747721653525891039e-01 2.961656572883221775e-02 1.963009677094482153e-01 -8.463752325438579638e-02 1.399850269531872915e-01 -4.383895499071226859e-02 2.184991948430591302e-01 1.787926233756588212e-01 1.253677662957558836e-01 2.724610708383468638e-01 1.327460062146920139e-01 1.022311707390050478e-01 -8.248704312722916765e-02 -3.337486885521249308e-02 -2.263045438942656862e-02 -6.810436618254779584e-02 4.089233364089805284e-02 -8.048792300799875385e-03 -1.582076369629530632e-01
1.656021899855350810e-01 -2.229398528937199531e-01 -7.278743838268160460e-02 1.778654918489979975e-01 -1.747721653525891039e-01 1.000000000000000000e+00 8.278910271517820815e-03 8.750454491758560827e-02 2.197210531564589286e-01 1.369689616363752860e-01 1.206342600868936105e-01 2.478423640918595017e-02 -2.281982712668682856e-02 -4.539869917432465957e-02 -8.079795134309663077e-03 1.403111488867932466e-01 8.035282524306527896e-02 -4.647920694592166252e-02 5.085058860887117782e-02 -1.073709830482464864e-02 1.233175749120207498e-01 7.036069443607842477e-02 4.671300782212642333e-02 1.959220504402188756e-01
-6.965912038701310705e-02 1.696043407400885800e-02 4.762561291547313946e-02 8.770927942507000807e-02 2.961656572883221775e-02 8.278910271517820815e-03 1.000000000000000000e+00 -1.892118612337314876e-01 2.334546445011282875e-02 1.081215366195958094e-01 1.340213044576406554e-01 2.008865659484104504e-01 -2.306631893979623621e-02 4.167627747411454253e-01 4.823956824841071911e-02 2.601315568701001446e-01 -8.208250762704305536e-02 3.134510627178906800e-02 1.096246635052654794e-01 -6.258121091551556436e-02 8.116152716914623588e-02 2.068985086603015444e-01 1.801389664801161805e-01 7.366297240172901828e-02
-9.187019918370102622e-02 -1.075812713729695433e-02 -1.235991465935101612e-02 6.048447871368919926e-02 1.963009677094482153e-01 8.750454491758560827e-02 -1.892118612337314876e-01 1.000000000000000000e+00 1.200217318234437641e-01 -2.109819703563766136e-01 -1.811963976871175082e-03 -1.660490806360315763e-01 2.178698346095003235e-01 1.350558039165880575e-01 5.523080823269158057e-02 -3.450177131166601990e-02 4.138825865017563971e-02 5.311544203553044546e-02 7.311993918093494596e-03 -4.214157903527602361e-02 -2.677090365557766027e-01 -2.269036419369360735e-01 -6.513446808025261103e-02 -1.781227782531409343e-01
-5.582943194040257753e-03 2.024262005672025355e-01 7.598633721376743533e-02 6.091432267868506639e-02 -8.463752325438579638e-02 2.197210531564589286e-01 2.334546445011282875e-02 1.200217318234437641e-01 1.000000000000000000e+00 1.055281562834124304e-01 -2.809051460169140896e-02 1.114831700008210927e-02 -4.330589614718945851e-02 -5.832374259691644686e-04 -5.088776416174980305e-02 1.299265195270949691e-01 4.168361130079523136e-02 -3.940536098451983410e-02 -6.111817427665070662e-02 3.133020444984151859e-02 1.555623439357381801e-02 -1.532071598739853935e-01 -3.024495338972994080e-02 9.427973641872942900e-02
1.130190907431432024e-01 -7.556878431252136812e-03 1.107950939014143016e-01 3.883503956264237889e-02 1.399850269531872915e-01 1.369689616363752860e-01 1.081215366195958094e-01 -2.109819703563766136e-01 1.055281562834124304e-01 1.000000000000000000e+00 2.092428773594268432e-01 1.393171031137405980e-01 -9.513994331895248013e-02 -1.152371294781642241e-01 9.211029189302313847e-02 2.285091547320416139e-01 2.405194594187599066e-01 -4.419004300121343390e-03 1.709288170577018262e-02 1.301605390488242142e-01 5.808207937513020641e-02 -1.503401569556947204e-01 1.131575672203555122e-01 5.154522202005588222e-02
-1.236124317435486342e-01 5.150233572661266218e-02 -9.565716067341845097e-02 4.692312476623910350e-02 -4.383895499071226859e-02 1.206342600868936105e-01 1.340213044576406554e-01 -1.811963976871175082e-03 -2.809051460169140896e-02 2.092428773594268432e-01 1.000000000000000000e+00 1.876746005867499512e-01 2.351511777692907312e-01 -2.531681194377769298e-02 2.071000524805131082e-01 2.916189700421072395e-01 1.402069145146695728e-01 2.318294273254766502e-01 2.452422525598293435e-01 1.714118641291105249e-01 1.854460884557476361e-02 -5.646404410184809736e-02 -1.487301522943186571e-01 -4.396062058901675090e-02
2.434345486754022347e-01 1.029877386376771425e-01 6.997626849701534674e-03 1.247584114611599571e-01 2.184991948430591302e-01 2.478423640918595017e-02 2.008865659484104504e-01 -1.660490806360315763e-01 1.114831700008210927e-02 1.393171031137405980e-01 1.876746005867499512e-01 1.000000000000000000e+00 2.053731544689955113e-01 2.408723510668160928e-01 6.664382434255419763e-02 1.799160168133888682e-01 1.594485070766471779e-01 1.015938817630543389e-01 2.495947869235394176e-02 1.485539617452373840e-01 2.233590839308235432e-01 1.014696050827946366e-01 8.137442466810999864e-02 1.607915900037898138e-01
-1.302527221151108527e-01 1.166928197155791685e-01 -2.239331765352834402e-01 8.363670405133749597e-02 1.787926233756588212e-01 -2.281982712668682856e-02 -2.306631893979623621e-02 2.178698346095003235e-01 -4.330589614718945851e-02 -9.513994331895248013e-02 2.351511777692907312e-01 2.053731544689955113e-01 1.000000000000000000e+00 8.659561430925116765e-02 3.136055542663265250e-01 1.044731545367470621e-01 1.229030180334966249e-01 2.165680499387298008e-01 9.214715338449868884e-03 3.202003704572353032e-02 1.551648808452503470e-01 -3.392103036442477987e-02 3.978298897174806920e-02 4.349903465297062788e-02
-1.804768747172563470e-01 -8.542238091055312510e-02 7.552163239482372059e-02 2.251179495411658182e-01 1.253677662957558836e-01 -4.539869917432465957e-02 4.167627747411454253e-01 1.350558039165880575e-01 -5.832374259691644686e-04 -1.152371294781642241e-01 -2.531681194377769298e-02 2.408723510668160928e-01 8.659561430925116765e-02 1.000000000000000000e+00 1.463881582670479020e-01 -1.970278253714587841e-02 -1.922003141717980590e-01 -3.147803261600305019e-02 3.411598088615869218e-02 -6.809295894571151808e-02 8.800794140345467864e-02 -2.180524583487987444e-02 5.686879201929338074e-02 6.384733620275398480e-02
2.669453558199241620e-03 6.337327690728250529e-02 -6.239099499205269517e-02 2.063699609905644480e-02 2.724610708383468638e-01 -8.079795134309663077e-03 4.823956824841071911e-02 5.523080823269158057e-02 -5.088776416174980305e-02 9.211029189302313847e-02 2.071000524805131082e-01 6.664382434255419763e-02 3.136055542663265250e-01 1.463881582670479020e-01 1.000000000000000000e+00 9.263215265195827441e-02 9.946118686700701830e-03 1.885530238377835510e-01 -2.484250156062382531e-01 5.047246271220851010e-02 1.241977758996092203e-02 -2.532466921776981364e-02 2.161393424661948448e-01 -9.710457573865549641e-02
-1.906011128203285998e-02 7.608240101496210883e-02 -4.224790250137862996e-02 7.120743561043419746e-03 1.327460062146920139e-01 1.403111488867932466e-01 2.601315568701001446e-01 -3.450177131166601990e-02 1.299265195270949691e-01 2.285091547320416139e-01 2.916189700421072395e-01 1.799160168133888682e-01 1.044731545367470621e-01 -1.970278253714587841e-02 9.263215265195827441e-02 1.000000000000000000e+00 1.192741570343843066e-01 3.769002530161672665e-02 5.578962401679980060e-02 7.165281637733104947e-02 -4.038139600296152681e-02 1.353100852319277236e-01 3.135757369918512616e-01 2.526439873275108661e-01
9.199516907261647003e-02 6.469062172650585918e-02 8.443943233877693189e-02 -5.932634348430862285e-03 1.022311707390050478e-01 8.035282524306527896e-02 -8.208250762704305536e-02 4.138825865017563971e-02 4.168361130079523136e-02 2.405194594187599066e-01 1.402069145146695728e-01 1.594485070766471779e-01 1.229030180334966249e-01 -1.922003141717980590e-01 9.946118686700701830e-03 1.192741570343843066e-01 1.000000000000000000e+00 4.084947256016396855e-02 1.640621268213753592e-01 2.675204812003867394e-01 1.102153350092362205e-01 4.891551510254821961e-02 5.200390575350434877e-03 1.401141814625484483e-01
-6.788143392047992115e-03 9.310876492177147176e-03 1.724040997165399505e-02 -3.394458509971015614e-02 -8.248704312722916765e-02 -4.647920694592166252e-02 3.134510627178906800e-02 5.311544203553044546e-02 -3.940536098451983410e-02 -4.419004300121343390e-03 2.318294273254766502e-01 1.015938817630543389e-01 2.165680499387298008e-01 -3.147803261600305019e-02 1.885530238377835510e-01 3.769002530161672665e-02 4.084947256016396855e-02 1.000000000000000000e+00 2.311305926164156643e-01 3.257871881393277214e-01 2.419010093314360454e-01 1.184563070085617037e-01 -1.203418651437769549e-02 -4.753868481141835210e-03
7.482986387434555076e-02 -1.835591128260187777e-01 1.703216827547880674e-01 2.439956746064855797e-01 -3.337486885521249308e-02 5.085058860887117782e-02 1.096246635052654794e-01 7.311993918093494596e-03 -6.111817427665070662e-02 1.709288170577018262e-02 2.452422525598293435e-01 2.495947869235394176e-02 9.214715338449868884e-03 3.411598088615869218e-02 -2.484250156062382531e-01 5.578962401679980060e-02 1.640621268213753592e-01 2.311305926164156643e-01 1.000000000000000000e+00 3.107088474817112367e-01 3.360278129298799321e-01 1.926784326584183582e-01 -6.361533592143826799e-02 2.120255307325966954e-01
-1.185984371820300448e-01 1.764719930495409900e-02 2.441726644537325561e-02 2.519193989333984862e-01 -2.263045438942656862e-02 -1.073709830482464864e-02 -6.258121091551556436e-02 -4.214157903527602361e-02 3.133020444984151859e-02 1.301605390488242142e-01 1.714118641291105249e-01 1.485539617452373840e-01 3.202003704572353032e-02 -6.809295894571151808e-02 5.047246271220851010e-02 7.165281637733104947e-02 2.675204812003867394e-01 3.257871881393277214e-01 3.107088474817112367e-01 1.000000000000000000e+00 3.572895105676744398e-01 1.286096773721421838e-01 1.540467209032101159e-01 2.466718247927778829e-01
-2.109845728923904259e-04 -8.637881000708008683e-02 1.232714092838668035e-01 1.190622595452572596e-01 -6.810436618254779584e-02 1.233175749120207498e-01 8.116152716914623588e-02 -2.677090365557766027e-01 1.555623439357381801e-02 5.808207937513020641e-02 1.854460884557476361e-02 2.233590839308235432e-01 1.551648808452503470e-01 8.800794140345467864e-02 1.241977758996092203e-02 -4.038139600296152681e-02 1.102153350092362205e-01 2.419010093314360454e-01 3.360278129298799321e-01 3.572895105676744398e-01 1.000000000000000000e+00 3.747996335057346973e-01 1.008739062343465137e-01 3.770773114839530704e-01
-2.912010444062328521e-02 -2.729377001440915981e-02 4.971123506662283170e-02 4.039025780606799593e-02 4.089233364089805284e-02 7.036069443607842477e-02 2.068985086603015444e-01 -2.269036419369360735e-01 -1.532071598739853935e-01 -1.503401569556947204e-01 -5.646404410184809736e-02 1.014696050827946366e-01 -3.392103036442477987e-02 -2.180524583487987444e-02 -2.532466921776981364e-02 1.353100852319277236e-01 4.891551510254821961e-02 1.184563070085617037e-01 1.926784326584183582e-01 1.286096773721421838e-01 3.747996335057346973e-01 1.000000000000000000e+00 4.946145975165089914e-01 4.783450039869068804e-01
-2.043956208895732554e-02 6.091043563000789196e-02 3.674507415400006527e-02 -2.197850383473998540e-02 -8.048792300799875385e-03 4.671300782212642333e-02 1.801389664801161805e-01 -6.513446808025261103e-02 -3.024495338972994080e-02 1.131575672203555122e-01 -1.487301522943186571e-01 8.137442466810999864e-02 3.978298897174806920e-02 5.686879201929338074e-02 2.161393424661948448e-01 3.135757369918512616e-01 5.200390575350434877e-03 -1.203418651437769549e-02 -6.361533592143826799e-02 1.540467209032101159e-01 1.008739062343465137e-01 4.946145975165089914e-01 1.000000000000000000e+00 5.598073975953500314e-01
1.728922626886827962e-02 -3.160860203687622903e-03 3.965529180465340170e-02 7.491846219434294962e-02 -1.582076369629530632e-01 1.959220504402188756e-01 7.366297240172901828e-02 -1.781227782531409343e-01 9.427973641872942900e-02 5.154522202005588222e-02 -4.396062058901675090e-02 1.607915900037898138e-01 4.349903465297062788e-02 6.384733620275398480e-02 -9.710457573865549641e-02 2.526439873275108661e-01 1.401141814625484483e-01 -4.753868481141835210e-03 2.120255307325966954e-01 2.466718247927778829e-01 3.770773114839530704e-01 4.783450039869068804e-01 5.598073975953500314e-01 1.000000000000000000e+00
