8.137831995623009789e+03 4.509117665489993101e+02 8.202056397281772888e+02 -4.227212572550706113e+02 4.611859478539692532e+02 4.247417371728394642e+02 -9.856779572125454081e+01 -1.343814489593100916e+02 -4.930757163647449204e+00 6.471767525601140392e+01 -5.830488208225219182e+01 8.624035986902833884e+01 -2.802756604250907557e+01 -3.155483208215667901e+01 3.080976372377109973e-01 -1.835287179681678094e+00 5.868628870334050340e+00 -3.694552366063834636e-01 2.479355092958838824e+00 -3.349179064961102625e+00 -5.097030574287476738e-03 -4.965443991095873644e-01 -3.530370647931505013e-01 2.578087587914423273e-01
4.509117665489993101e+02 8.230027746011410272e+03 -5.951121345018686952e+02 -6.827455473200529923e+02 3.928499389145690088e+02 -5.750331252165935894e+02 2.413461144593980379e+01 -1.582514229617585499e+01 1.797891250651134101e+02 -4.351708786935770235e+00 2.442957922005239624e+01 3.669105149691775125e+01 2.525160575707164767e+01 -1.501973511180392507e+01 7.355605895611086353e+00 7.367312613394225274e+00 4.150106471948269871e+00 5.096214210156070346e-01 -6.116261079686902136e+00 5.011658639244787050e-01 -2.098553493976449857e+00 -4.680313851139082937e-01 1.058002544405837408e+00 -4.739949212748871543e-02
8.202056397281772888e+02 -5.951121345018686952e+02 3.848013038917120411e+03 -3.804157697678521117e+02 3.030634271301775229e+01 -1.283746304234655042e+02 4.634058840042053617e+01 -1.243208701902030455e+01 4.614767481551046302e+01 4.362701879913856828e+01 -3.102588402601730522e+01 1.704680658047716957e+00 -3.313453839174852078e+01 9.079869108185659954e+00 -4.951671410494850711e+00 -2.797355480227556424e+00 3.704084082093130448e+00 6.452415346919642136e-01 3.880588769784568903e+00 4.741550186119558030e-01 2.047824838512604106e+00 5.828859943363128293e-01 4.364271423998777322e-01 4.066185314858699607e-01
-4.227212572550706113e+02 -6.827455473200529923e+02 -3.804157697678521117e+02 3.967031579883190261e+03 1.201498127277098433e+02 3.185143694571207789e+02 8.665249470478067906e+01 6.177134712163628194e+01 3.756196416038280006e+01 1.552649116094786130e+01 1.545283494419384418e+01 3.085863071513358591e+01 1.256533163045575741e+01 2.748102360004882527e+01 1.662995022214050378e+00 4.787209280825576174e-01 -2.642394609905071023e-01 -1.289911137421998033e+00 5.644485636114829674e+00 4.967060869164027004e+00 2.008256248806151056e+00 4.808617731379389304e-01 -2.650484755390374869e-01 7.799907156393879326e-01
4.611859478539692532e+02 3.928499389145690088e+02 3.030634271301775229e+01 1.201498127277098433e+02 1.257673503927165484e+03 -1.762222435527709195e+02 1.647484553999384360e+01 1.128799213213388413e+02 -2.938616734521060181e+01 3.151245805574402681e+01 -8.128914586935307440e+00 3.043040853113549460e+01 1.512438656385016422e+01 8.617073465950024769e+00 1.236232205191103972e+01 5.024925863488282296e+00 2.563802425690535181e+00 -1.764924576544565360e+00 -4.347233215945949802e-01 -2.512362322166967199e-01 -6.468016052641922808e-01 2.741174295687459073e-01 -5.465237419351145348e-02 -9.274257494448339134e-01
4.247417371728394642e+02 -5.750331252165935894e+02 -1.283746304234655042e+02 3.185143694571207789e+02 -1.762222435527709195e+02 8.083678017746992737e+02 3.692158848866291088e+00 4.034088444919955663e+01 6.116066810849044799e+01 2.471971198410557591e+01 1.793343898827431460e+01 2.767285914521393053e+00 -1.547608370194294203e+00 -2.501715182529830273e+00 -2.939114402468393505e-01 4.258149677537431010e+00 1.615559356193834839e+00 -7.972961585773812310e-01 5.310188080486257789e-01 -9.556447418343511080e-02 9.389482498480755668e-01 3.781337310862831202e-01 2.542943391217997728e-01 9.207793495346667800e-01
-9.856779572125454081e+01 2.413461144593980379e+01 4.634058840042053617e+01 8.665249470478067906e+01 1.647484553999384360e+01 3.692158848866291088e+00 2.460398179708909083e+02 -4.812396009972370337e+01 3.585099905335118464e+00 1.076543659376606854e+01 1.099170212899694299e+01 1.237449770470950305e+01 -8.630286391196406726e-01 1.267014459469798915e+01 9.680944915389816385e-01 4.355319079575774133e+00 -9.104803520535479366e-01 2.966394478726241402e-01 6.315683931986966204e-01 -3.072923174067272445e-01 3.409298965230957434e-01 6.134382584055226850e-01 5.410092892768441075e-01 1.909939839827642372e-01
-1.343814489593100916e+02 -1.582514229617585499e+01 -1.243208701902030455e+01 6.177134712163628194e+01 1.128799213213388413e+02 4.034088444919955663e+01 -4.812396009972370337e+01 2.629181716219318332e+02 1.905312586024984256e+01 -2.171562759349384208e+01 -1.536201810123376255e-01 -1.057354853758573299e+01 8.426585310845224441e+00 4.244372636244837516e+00 1.145785544198232531e+00 -5.971396827398206542e-01 4.745748512172779376e-01 5.196220367044869226e-01 4.354672903745090279e-02 -2.139075669999205564e-01 -1.162480055970726234e+00 -6.954446456874496807e-01 -2.022160065274653529e-01 -4.774165963003643709e-01
-4.930757163647449204e+00 1.797891250651134101e+02 4.614767481551046302e+01 3.756196416038280006e+01 -2.938616734521060181e+01 6.116066810849044799e+01 3.585099905335118464e+00 1.905312586024984256e+01 9.584999424172116278e+01 6.558146827698787540e+00 -1.437951215629293289e+00 4.286268188074801033e-01 -1.011316963749540498e+00 -1.106703751174045909e-02 -6.374132012104224421e-01 1.357744616245805780e+00 2.885882516144948617e-01 -2.327597140094068706e-01 -2.197737577291415390e-01 9.602057809699385271e-02 4.078614901789674035e-02 -2.835214405149725780e-01 -5.669481232519350128e-02 1.525745702333724252e-01
6.471767525601140392e+01 -4.351708786935770235e+00 4.362701879913856828e+01 1.552649116094786130e+01 3.151245805574402681e+01 2.471971198410557591e+01 1.076543659376606854e+01 -2.171562759349384208e+01 6.558146827698787540e+00 4.029335955488856769e+01 6.944737497007318794e+00 3.472923053525512671e+00 -1.440535099056430068e+00 -1.417748260314517728e+00 7.480601784187312919e-01 1.548262455675948779e+00 1.079653066803216488e+00 -1.692378980796755902e-02 3.985120358317217198e-02 2.586432328347371690e-01 9.873498702742011801e-02 -1.803858795606828880e-01 1.375291308838026416e-01 5.408451060977184643e-02
-5.830488208225219182e+01 2.442957922005239624e+01 -3.102588402601730522e+01 1.545283494419384418e+01 -8.128914586935307440e+00 1.793343898827431460e+01 1.099170212899694299e+01 -1.536201810123376255e-01 -1.437951215629293289e+00 6.944737497007318794e+00 2.733863475656296416e+01 3.853611220448432739e+00 2.932782027477242703e+00 -2.565590736855177245e-01 1.385416190641763690e+00 1.627527825364029956e+00 5.184120735998432039e-01 7.313300737388503947e-01 4.709698693848204387e-01 2.805655417812518704e-01 2.596679005493113257e-02 -5.580475311196918947e-02 -1.488955749092758796e-01 -3.799443373506324745e-02
8.624035986902833884e+01 3.669105149691775125e+01 1.704680658047716957e+00 3.085863071513358591e+01 3.043040853113549460e+01 2.767285914521393053e+00 1.237449770470950305e+01 -1.057354853758573299e+01 4.286268188074801033e-01 3.472923053525512671e+00 3.853611220448432739e+00 1.542225828667063148e+01 1.923808664605174190e+00 1.833373246448827709e+00 3.348463239480748421e-01 7.541679164744889974e-01 4.428041754673036068e-01 2.407121431446921922e-01 3.600136042862678992e-02 1.826262772579995142e-01 2.349036601210883757e-01 7.532181139037609496e-02 6.118659337165739676e-02 1.043770614750910708e-01
-2.802756604250907557e+01 2.525160575707164767e+01 -3.313453839174852078e+01 1.256533163045575741e+01 1.512438656385016422e+01 -1.547608370194294203e+00 -8.630286391196406726e-01 8.426585310845224441e+00 -1.011316963749540498e+00 -1.440535099056430068e+00 2.932782027477242703e+00 1.923808664605174190e+00 5.689687750156606327e+00 4.003409964238247021e-01 9.570609592032237600e-01 2.659948106112144939e-01 2.073118027364861116e-01 3.116700434192082869e-01 8.073011215253608069e-03 2.390953271300347988e-02 9.911738294451870324e-02 -1.529410444042443584e-02 1.816920741601926043e-02 1.715108445997606118e-02
-3.155483208215667901e+01 -1.501973511180392507e+01 9.079869108185659954e+00 2.748102360004882527e+01 8.617073465950024769e+00 -2.501715182529830273e+00 1.267014459469798915e+01 4.244372636244837516e+00 -1.106703751174045909e-02 -1.417748260314517728e+00 -2.565590736855177245e-01 1.833373246448827709e+00 4.003409964238247021e-01 3.756469816964793207e+00 3.630007622917836851e-01 -4.076071137682547862e-02 -2.634276205744566779e-01 -3.680899769901251756e-02 2.428606930709138051e-02 -4.131399573048052942e-02 4.567977879682975223e-02 -7.988435603205584767e-03 2.110368578436645076e-02 2.045504713241232467e-02
3.080976372377109973e-01 7.355605895611086353e+00 -4.951671410494850711e+00 1.662995022214050378e+00 1.236232205191103972e+01 -2.939114402468393505e-01 9.680944915389816385e-01 1.145785544198232531e+00 -6.374132012104224421e-01 7.480601784187312919e-01 1.385416190641763690e+00 3.348463239480748421e-01 9.570609592032237600e-01 3.630007622917836851e-01 1.636904251355490780e+00 1.265020705709440640e-01 8.998757317181291238e-03 1.455464439125785103e-01 -1.167391105154828024e-01 2.021488039125330857e-02 4.255373011317319272e-03 -6.124437672081832831e-03 5.294681265570221063e-02 -2.053615263251355044e-02
-1.835287179681678094e+00 7.367312613394225274e+00 -2.797355480227556424e+00 4.787209280825576174e-01 5.024925863488282296e+00 4.258149677537431010e+00 4.355319079575774133e+00 -5.971396827398206542e-01 1.357744616245805780e+00 1.548262455675948779e+00 1.627527825364029956e+00 7.541679164744889974e-01 2.659948106112144939e-01 -4.076071137682547862e-02 1.265020705709440640e-01 1.139327232767212372e+00 9.003012622387844555e-02 2.427208739091374703e-02 2.187192910445203559e-02 2.394211686571860037e-02 -1.154297474800281519e-02 2.730016086772580133e-02 6.408568749204050785e-02 4.457598577179730515e-02
5.868628870334050340e+00 4.150106471948269871e+00 3.704084082093130448e+00 -2.642394609905071023e-01 2.563802425690535181e+00 1.615559356193834839e+00 -9.104803520535479366e-01 4.745748512172779376e-01 2.885882516144948617e-01 1.079653066803216488e+00 5.184120735998432039e-01 4.428041754673036068e-01 2.073118027364861116e-01 -2.634276205744566779e-01 8.998757317181291238e-03 9.003012622387844555e-02 5.000742912204928503e-01 1.742850664816907036e-02 4.261230404224112395e-02 5.922149175417606298e-02 2.087235568465234392e-02 6.538448308852828385e-03 7.041214643084395047e-04 1.637823537449735467e-02
-3.694552366063834636e-01 5.096214210156070346e-01 6.452415346919642136e-01 -1.289911137421998033e+00 -1.764924576544565360e+00 -7.972961585773812310e-01 2.966394478726241402e-01 5.196220367044869226e-01 -2.327597140094068706e-01 -1.692378980796755902e-02 7.313300737388503947e-01 2.407121431446921922e-01 3.116700434192082869e-01 -3.680899769901251756e-02 1.455464439125785103e-01 2.427208739091374703e-02 1.742850664816907036e-02 3.640096675423220018e-01 5.121808159158628554e-02 6.153121660824057565e-02 3.908465810519384798e-02 1.350906985446633651e-02 -1.390168853858557430e-03 -4.741015460967041998e-04
2.479355092958838824e+00 -6.116261079686902136e+00 3.880588769784568903e+00 5.644485636114829674e+00 -4.347233215945949802e-01 5.310188080486257789e-01 6.315683931986966204e-01 4.354672903745090279e-02 -2.197737577291415390e-01 3.985120358317217198e-02 4.709698693848204387e-01 3.600136042862678992e-02 8.073011215253608069e-03 2.428606930709138051e-02 -1.167391105154828024e-01 2.187192910445203559e-02 4.261230404224112395e-02 5.121808159158628554e-02 1.349021376819857509e-01 3.572465781821602265e-02 3.305192959400040514e-02 1.337683345852420588e-02 -4.473687020213171044e-03 1.287257185908109378e-02
-3.349179064961102625e+00 5.011658639244787050e-01 4.741550186119558030e-01 4.967060869164027004e+00 -2.512362322166967199e-01 -9.556447418343511080e-02 -3.072923174067272445e-01 -2.139075669999205564e-01 9.602057809699385271e-02 2.586432328347371690e-01 2.805655417812518704e-01 1.826262772579995142e-01 2.390953271300347988e-02 -4.131399573048052942e-02 2.021488039125330857e-02 2.394211686571860037e-02 5.922149175417606298e-02 6.153121660824057565e-02 3.572465781821602265e-02 9.799639141048419044e-02 2.995280408556856913e-02 7.610084692123673944e-03 9.233191793785082771e-03 1.276416291024786917e-02
-5.097030574287476738e-03 -2.098553493976449857e+00 2.047824838512604106e+00 2.008256248806151056e+00 -6.468016052641922808e-01 9.389482498480755668e-01 3.409298965230957434e-01 -1.162480055970726234e+00 4.078614901789674035e-02 9.873498702742011801e-02 2.596679005493113257e-02 2.349036601210883757e-01 9.911738294451870324e-02 4.567977879682975223e-02 4.255373011317319272e-03 -1.154297474800281519e-02 2.087235568465234392e-02 3.908465810519384798e-02 3.305192959400040514e-02 2.995280408556856913e-02 7.171737013657425441e-02 1.897239398887302225e-02 5.172319852215031058e-03 1.669207509533040742e-02
-4.965443991095873644e-01 -4.680313851139082937e-01 5.828859943363128293e-01 4.808617731379389304e-01 2.741174295687459073e-01 3.781337310862831202e-01 6.134382584055226850e-01 -6.954446456874496807e-01 -2.835214405149725780e-01 -1.803858795606828880e-01 -5.580475311196918947e-02 7.532181139037609496e-02 -1.529410444042443584e-02 -7.988435603205584767e-03 -6.124437672081832831e-03 2.730016086772580133e-02 6.538448308852828385e-03 1.350906985446633651e-02 1.337683345852420588e-02 7.610084692123673944e-03 1.897239398887302225e-02 3.572906069266995610e-02 1.790078538709311343e-02 1.494582152729406581e-02
-3.530370647931505013e-01 1.058002544405837408e+00 4.364271423998777322e-01 -2.650484755390374869e-01 -5.465237419351145348e-02 2.542943391217997728e-01 5.410092892768441075e-01 -2.022160065274653529e-01 -5.669481232519350128e-02 1.375291308838026416e-01 -1.488955749092758796e-01 6.118659337165739676e-02 1.816920741601926043e-02 2.110368578436645076e-02 5.294681265570221063e-02 6.408568749204050785e-02 7.041214643084395047e-04 -1.390168853858557430e-03 -4.473687020213171044e-03 9.233191793785082771e-03 5.172319852215031058e-03 1.790078538709311343e-02 3.665968371904320539e-02 1.771743059394176659e-02
2.578087587914423273e-01 -4.739949212748871543e-02 4.066185314858699607e-01 7.799907156393879326e-01 -9.274257494448339134e-01 9.207793495346667800e-01 1.909939839827642372e-01 -4.774165963003643709e-01 1.525745702333724252e-01 5.408451060977184643e-02 -3.799443373506324745e-02 1.043770614750910708e-01 1.715108445997606118e-02 2.045504713241232467e-02 -2.053615263251355044e-02 4.457598577179730515e-02 1.637823537449735467e-02 -4.741015460967041998e-04 1.287257185908109378e-02 1.276416291024786917e-02 1.669207509533040742e-02 1.494582152729406581e-02 1.771743059394176659e-02 2.732344782485405729e-02
