6.191603272590691631e+03 -6.181822048091304396e+02 2.711444876377694868e+01 -2.354219619929811245e+02 2.777651987794427555e+02 6.767712577417823283e+00 -7.317609137854128676e+01 -4.766442081763769778e+01 6.257609629464353063e+00 4.642107117225499024e+01 -1.320238033364801833e+00 5.786593713323394006e+00 -5.540310910175524128e+00 -3.014252241263744914e+00 -1.015248608194280600e+01 1.866227244842429300e+01 5.655432429990342458e-01 -2.712514562000612361e+00 2.039382925124906543e-01 8.018006464057175764e-01 -5.803607487253350516e-01 -5.710366304293342798e-01 -9.382146357201456288e-01 -4.157015613721807834e-01
-6.181822048091304396e+02 3.054503902196368927e+03 2.478445132116862908e+02 -1.786168583760551201e+02 -2.003063173708099498e+02 2.877936151842946444e+01 -6.955382264033711692e+01 -4.326908932341381586e+01 -1.451023067748351814e+01 -8.867330405416710137e-01 -8.749064325265976549e+00 5.553305807212584044e-01 1.130383962001501930e+00 -4.042410291020735458e-01 1.585298220456152940e+01 6.277541767797858441e+00 3.838762720269996986e+00 4.306100136638474574e+00 1.350476980642498770e+00 5.608538100461314402e-01 -1.135331019687563003e+00 1.658049757102187050e+00 1.714916449613843596e+00 -1.719472919615041839e-01
2.711444876377694868e+01 2.478445132116862908e+02 1.187662169736691567e+03 6.492254128892467691e+01 7.787696417411835625e+01 -8.672348164885065103e+01 -6.134454310960054357e+01 2.292085324879348818e+01 -2.044550325952348047e+01 -1.786571463129959270e+01 -4.923258118228283742e+00 -9.823832516300996520e-01 1.747287699671240446e+01 2.527749844841205906e+00 3.844161935914754746e+00 -3.056105457320153374e+00 -2.206792786693490271e-01 2.149548867990704437e+00 5.258373502074860095e-01 2.666071623877241503e+00 5.093101364000355291e-01 8.186280760963575709e-01 9.914129602309276201e-01 1.858496779191440296e-01
-2.354219619929811245e+02 -1.786168583760551201e+02 6.492254128892467691e+01 7.035826972767102916e+02 7.473556472925713479e+01 -1.692573772401723797e+00 2.283266901492480017e+01 -6.352249745611284304e+00 -2.961224249290606902e+00 -1.741474476397768356e+01 -2.911487412751553538e+00 7.748263856175979569e+00 8.856337664295010015e+00 9.330106208787037891e-01 3.508685559872613546e-01 4.678489302712952047e-01 -3.769172832990616673e+00 -3.440510641463201402e-01 -3.314713213074784726e-01 -1.352746502057659006e+00 -3.375720455684244059e-01 7.619094028347206393e-01 3.850564125434775553e-01 4.391032403637850634e-01
2.777651987794427555e+02 -2.003063173708099498e+02 7.787696417411835625e+01 7.473556472925713479e+01 3.326991136353943830e+02 3.686063457133204224e+01 1.310685990021472591e+01 1.813025051254922104e+01 2.202507543305023319e+01 3.691044599697054451e+00 -5.877541009050638365e+00 7.401530215741471075e+00 4.601290877135288504e+00 2.794362485850785949e-01 -2.774364085260078716e-01 -1.941205804186073802e+00 -1.345706680877743588e+00 5.658019354284312685e-01 -3.510841651203202018e-01 1.409461894180528141e+00 3.235238512474468697e-01 -5.984593019882308157e-02 -3.437247705173515633e-02 -7.900829307355121400e-02
6.767712577417823283e+00 2.877936151842946444e+01 -8.672348164885065103e+01 -1.692573772401723797e+00 3.686063457133204224e+01 2.419819983800941259e+02 -2.468811467579040553e+01 5.894160586357242160e+00 -3.317467956846924970e+00 1.273522902619239439e+01 2.174560376663962735e+00 3.072906504135601846e+00 -3.209383052399526814e+00 -1.222326553828952056e+00 -2.100829889867658340e-01 5.275414779446127023e-01 2.523655826035641758e-01 -1.442722910188465324e-01 4.475770361279413079e-01 -5.531490400607410596e-01 -2.220305858449135930e-02 -4.043285013721860666e-01 8.804960094801120296e-02 -1.705841796553374257e-01
-7.317609137854128676e+01 -6.955382264033711692e+01 -6.134454310960054357e+01 2.283266901492480017e+01 1.310685990021472591e+01 -2.468811467579040553e+01 1.552102828130044259e+02 1.467005920506160166e+01 4.776672884340240621e+00 -1.529047659810714332e+00 -3.769789002304740233e+00 -2.976447491071575246e+00 -3.024344056733136998e+00 5.701074967098123558e+00 -6.177768702843251525e-01 1.668015802281731519e+00 -1.614064062377328773e-02 -1.275195868637704344e-01 2.613925783081131882e-01 -5.532502403080957754e-01 -1.091749948853728835e-01 -1.451262182082264374e-01 1.098116542691093267e-01 1.367562427471427922e-01
-4.766442081763769778e+01 -4.326908932341381586e+01 2.292085324879348818e+01 -6.352249745611284304e+00 1.813025051254922104e+01 5.894160586357242160e+00 1.467005920506160166e+01 7.773980453894560583e+01 -8.446159125521379707e-01 -1.354209506415723929e+01 -7.412775831657666181e+00 -1.130815742188570894e-01 -2.922475706550383689e-01 1.337523971534735789e+00 -5.058514020234754494e-01 -4.751175452245045006e-01 -4.703767025405397595e-01 7.211523233801694355e-01 3.048334489288868632e-01 4.494101300297561052e-01 -1.332166761151654943e-01 2.179678259620460370e-02 2.735772537661578796e-01 3.928214829686063614e-02
6.257609629464353063e+00 -1.451023067748351814e+01 -2.044550325952348047e+01 -2.961224249290606902e+00 2.202507543305023319e+01 -3.317467956846924970e+00 4.776672884340240621e+00 -8.446159125521379707e-01 4.532667292945063053e+01 1.671627178546585268e+00 -3.077656221058487684e+00 1.745239151400449273e+00 -3.667694834892028855e+00 -1.612121691186638506e+00 -1.116305188246638158e+00 -1.574532181892046578e-01 2.279267321574681704e-01 -3.911483116269572347e-01 5.169114497945755810e-02 2.270642213648202956e-01 -5.616362894151805119e-02 -3.057680714027769323e-02 7.756109028773518210e-02 1.239727357078674042e-01
4.642107117225499024e+01 -8.867330405416710137e-01 -1.786571463129959270e+01 -1.741474476397768356e+01 3.691044599697054451e+00 1.273522902619239439e+01 -1.529047659810714332e+00 -1.354209506415723929e+01 1.671627178546585268e+00 2.338148829167031195e+01 3.331077007740257390e+00 -9.269644240092517196e-01 3.197412068983230826e-01 3.486245639374317418e-01 9.126219907034643919e-01 5.246846406578891120e-01 7.883404775433430212e-01 -4.347933874672624821e-01 1.601677420512515326e-01 -4.479928656781480972e-02 4.882869083917722175e-02 -1.143625559928276025e-01 -1.404723130864608989e-02 -1.930354597483371556e-02
-1.320238033364801833e+00 -8.749064325265976549e+00 -4.923258118228283742e+00 -2.911487412751553538e+00 -5.877541009050638365e+00 2.174560376663962735e+00 -3.769789002304740233e+00 -7.412775831657666181e+00 -3.077656221058487684e+00 3.331077007740257390e+00 1.488648645510380142e+01 6.343848831595472193e-01 -7.683254832296522452e-02 7.454241224329771764e-01 2.279343378275957288e-01 6.764989926231994299e-02 2.501342121082564818e-01 2.780538960138940752e-01 -3.659634398402450417e-02 -9.178671451357825473e-02 1.384494982438887745e-01 -8.935969082076969383e-02 -7.835200698969529975e-02 -1.496397529166835008e-02
5.786593713323394006e+00 5.553305807212584044e-01 -9.823832516300996520e-01 7.748263856175979569e+00 7.401530215741471075e+00 3.072906504135601846e+00 -2.976447491071575246e+00 -1.130815742188570894e-01 1.745239151400449273e+00 -9.269644240092517196e-01 6.343848831595472193e-01 7.325904164040148103e+00 3.482212731608825829e-01 -1.424335113865501760e-02 -6.740316907486271214e-01 -4.052812352655166261e-01 -1.648182821398100628e-01 -9.765719269413199177e-02 -1.304837155561158479e-01 -8.318862053104306153e-02 -2.329134491438391782e-02 1.269270710001949576e-01 2.766531175631531739e-02 3.874367101404760372e-02
-5.540310910175524128e+00 1.130383962001501930e+00 1.747287699671240446e+01 8.856337664295010015e+00 4.601290877135288504e+00 -3.209383052399526814e+00 -3.024344056733136998e+00 -2.922475706550383689e-01 -3.667694834892028855e+00 3.197412068983230826e-01 -7.683254832296522452e-02 3.482212731608825829e-01 5.543477521374097883e+00 2.133950053436758643e-01 6.073452742249201008e-02 -4.296456865317620499e-01 1.218907348790342071e-01 2.421485580606669852e-01 -2.211077707225539424e-01 6.679405160862240953e-02 -1.556249074638850656e-02 -1.540501661642778783e-02 -2.037159423542089440e-02 2.797392741194205251e-02
-3.014252241263744914e+00 -4.042410291020735458e-01 2.527749844841205906e+00 9.330106208787037891e-01 2.794362485850785949e-01 -1.222326553828952056e+00 5.701074967098123558e+00 1.337523971534735789e+00 -1.612121691186638506e+00 3.486245639374317418e-01 7.454241224329771764e-01 -1.424335113865501760e-02 2.133950053436758643e-01 2.080804147936640813e+00 6.632526864198037830e-02 1.775093591151685468e-01 1.542844237819290532e-01 1.902793256681263312e-01 3.570177834000471534e-02 -3.403242112042002138e-02 4.093346402569932041e-02 -2.274420950374486314e-02 1.397870997218074798e-02 1.383092792112207772e-02
-1.015248608194280600e+01 1.585298220456152940e+01 3.844161935914754746e+00 3.508685559872613546e-01 -2.774364085260078716e-01 -2.100829889867658340e-01 -6.177768702843251525e-01 -5.058514020234754494e-01 -1.116305188246638158e+00 9.126219907034643919e-01 2.279343378275957288e-01 -6.740316907486271214e-01 6.073452742249201008e-02 6.632526864198037830e-02 1.512955313856616524e+00 2.963973373867562558e-02 -1.063368602250513439e-01 6.770967815629123920e-02 5.093583772269556775e-02 4.416069658276181725e-02 2.229908950809716614e-02 -1.021046820654263575e-02 -2.919538392815015232e-02 -3.502818104079383904e-02
1.866227244842429300e+01 6.277541767797858441e+00 -3.056105457320153374e+00 4.678489302712952047e-01 -1.941205804186073802e+00 5.275414779446127023e-01 1.668015802281731519e+00 -4.751175452245045006e-01 -1.574532181892046578e-01 5.246846406578891120e-01 6.764989926231994299e-02 -4.052812352655166261e-01 -4.296456865317620499e-01 1.775093591151685468e-01 2.963973373867562558e-02 7.524117130211008808e-01 -2.271258340907438347e-02 4.300223913153302692e-03 4.383720975734474445e-02 -1.313554072243326015e-02 -2.251248926398684985e-02 -2.296641364652087305e-02 1.067509717558002072e-02 1.236188052332503132e-02
5.655432429990342458e-01 3.838762720269996986e+00 -2.206792786693490271e-01 -3.769172832990616673e+00 -1.345706680877743588e+00 2.523655826035641758e-01 -1.614064062377328773e-02 -4.703767025405397595e-01 2.279267321574681704e-01 7.883404775433430212e-01 2.501342121082564818e-01 -1.648182821398100628e-01 1.218907348790342071e-01 1.542844237819290532e-01 -1.063368602250513439e-01 -2.271258340907438347e-02 3.503565220923733348e-01 5.689077140749551620e-03 3.971229199329251447e-02 -3.067208897812804115e-04 -4.026889742476305774e-03 -6.246547337163997106e-03 1.016455801476494640e-03 1.218597109336661335e-02
-2.712514562000612361e+00 4.306100136638474574e+00 2.149548867990704437e+00 -3.440510641463201402e-01 5.658019354284312685e-01 -1.442722910188465324e-01 -1.275195868637704344e-01 7.211523233801694355e-01 -3.911483116269572347e-01 -4.347933874672624821e-01 2.780538960138940752e-01 -9.765719269413199177e-02 2.421485580606669852e-01 1.902793256681263312e-01 6.770967815629123920e-02 4.300223913153302692e-03 5.689077140749551620e-03 2.236410442150980893e-01 -7.711237701084727725e-03 9.287035709498127692e-03 -1.851036388608776409e-02 5.961388615366954198e-03 2.116218899868545569e-03 -2.062241596699248419e-03
2.039382925124906543e-01 1.350476980642498770e+00 5.258373502074860095e-01 -3.314713213074784726e-01 -3.510841651203202018e-01 4.475770361279413079e-01 2.613925783081131882e-01 3.048334489288868632e-01 5.169114497945755810e-02 1.601677420512515326e-01 -3.659634398402450417e-02 -1.304837155561158479e-01 -2.211077707225539424e-01 3.570177834000471534e-02 5.093583772269556775e-02 4.383720975734474445e-02 3.971229199329251447e-02 -7.711237701084727725e-03 8.982545606789253678e-02 1.097913158225226338e-02 3.208741376961935822e-03 -4.647944259027369206e-03 7.702136949866988935e-03 -2.776260399242460718e-03
8.018006464057175764e-01 5.608538100461314402e-01 2.666071623877241503e+00 -1.352746502057659006e+00 1.409461894180528141e+00 -5.531490400607410596e-01 -5.532502403080957754e-01 4.494101300297561052e-01 2.270642213648202956e-01 -4.479928656781480972e-02 -9.178671451357825473e-02 -8.318862053104306153e-02 6.679405160862240953e-02 -3.403242112042002138e-02 4.416069658276181725e-02 -1.313554072243326015e-02 -3.067208897812804115e-04 9.287035709498127692e-03 1.097913158225226338e-02 7.684078966214069606e-02 1.537995846000716170e-02 -5.077148183468443640e-03 2.856257439039005738e-04 -1.586363709178716759e-03
-5.803607487253350516e-01 -1.135331019687563003e+00 5.093101364000355291e-01 -3.375720455684244059e-01 3.235238512474468697e-01 -2.220305858449135930e-02 -1.091749948853728835e-01 -1.332166761151654943e-01 -5.616362894151805119e-02 4.882869083917722175e-02 1.384494982438887745e-01 -2.329134491438391782e-02 -1.556249074638850656e-02 4.093346402569932041e-02 2.229908950809716614e-02 -2.251248926398684985e-02 -4.026889742476305774e-03 -1.851036388608776409e-02 3.208741376961935822e-03 1.537995846000716170e-02 3.074110156774076050e-02 -2.438642473835073154e-03 -2.428861215643632332e-03 -2.371201266305291485e-03
-5.710366304293342798e-01 1.658049757102187050e+00 8.186280760963575709e-01 7.619094028347206393e-01 -5.984593019882308157e-02 -4.043285013721860666e-01 -1.451262182082264374e-01 2.179678259620460370e-02 -3.057680714027769323e-02 -1.143625559928276025e-01 -8.935969082076969383e-02 1.269270710001949576e-01 -1.540501661642778783e-02 -2.274420950374486314e-02 -1.021046820654263575e-02 -2.296641364652087305e-02 -6.246547337163997106e-03 5.961388615366954198e-03 -4.647944259027369206e-03 -5.077148183468443640e-03 -2.438642473835073154e-03 2.236205157995695483e-02 5.854949025281363725e-03 3.519711187578051202e-03
-9.382146357201456288e-01 1.714916449613843596e+00 9.914129602309276201e-01 3.850564125434775553e-01 -3.437247705173515633e-02 8.804960094801120296e-02 1.098116542691093267e-01 2.735772537661578796e-01 7.756109028773518210e-02 -1.404723130864608989e-02 -7.835200698969529975e-02 2.766531175631531739e-02 -2.037159423542089440e-02 1.397870997218074798e-02 -2.919538392815015232e-02 1.067509717558002072e-02 1.016455801476494640e-03 2.116218899868545569e-03 7.702136949866988935e-03 2.856257439039005738e-04 -2.428861215643632332e-03 5.854949025281363725e-03 1.668818932958369625e-02 6.107631384767179573e-03
-4.157015613721807834e-01 -1.719472919615041839e-01 1.858496779191440296e-01 4.391032403637850634e-01 -7.900829307355121400e-02 -1.705841796553374257e-01 1.367562427471427922e-01 3.928214829686063614e-02 1.239727357078674042e-01 -1.930354597483371556e-02 -1.496397529166835008e-02 3.874367101404760372e-02 2.797392741194205251e-02 1.383092792112207772e-02 -3.502818104079383904e-02 1.236188052332503132e-02 1.218597109336661335e-02 -2.062241596699248419e-03 -2.776260399242460718e-03 -1.586363709178716759e-03 -2.371201266305291485e-03 3.519711187578051202e-03 6.107631384767179573e-03 1.148182649745023431e-02
