5.665386620770333138e+03 -4.302555344109412658e+02 -1.466519840253777716e+02 3.376737781687511486e+00 9.710262119669967262e+01 1.451952911501396670e+02 -1.064902560645661467e+00 1.182629289150357543e+01 -5.788464092693103424e+01 2.947876116563120519e+01 4.983488227717469954e+01 3.192725510502618658e+00 1.988923798342720817e+00 5.377478261930179748e+00 -7.836663400835912618e+00 2.291215953847125419e+01 -2.706640354101042423e+00 -4.762382957730893374e+00 -2.776586732370835531e+00 -3.565221082879012737e+00 1.704524446495462031e-01 -9.758720731226337985e-01 -8.573091546571349753e-01 -1.108151841946831279e-01
-4.302555344109412658e+02 2.878115868100578155e+03 2.933203686858649348e+02 -1.751109351427608090e+02 -4.789800920809327067e+01 1.010843591984050107e+02 -5.048746634807631750e+01 -1.516199330327638606e+01 3.669260904767045872e+01 4.394547051997783882e+01 4.450044507445549691e-01 1.527299310480997008e+01 -1.640266443060414758e+01 7.139975143840574745e+00 1.682629109118531829e+01 1.410331601154682701e+00 5.992457128018604529e+00 2.847105443142057268e+00 2.495083987255052982e+00 -2.858332259695300359e-01 -1.682112726621486143e+00 1.993273284748614316e+00 1.408488790396562607e+00 -1.426233657124914844e-01
-1.466519840253777716e+02 2.933203686858649348e+02 1.146414769604091362e+03 5.460289981783078161e+01 1.298567861514493131e+02 -4.008090741319827544e+01 -1.063930832753715094e+01 4.380740048617808213e+01 -1.385975875466695051e+01 1.237966166352224340e+00 -7.767871180189756863e+00 -1.946713784332268604e+00 1.933242476717691716e+01 -4.952900599616677724e+00 4.859171535953593635e-01 -2.642954213828447418e+00 6.868766673501277564e-01 3.893259630247351222e+00 1.341492710924300891e+00 1.272824108528783027e+00 -9.921960822002855174e-02 8.674018070623049637e-01 7.215743647663916960e-01 -1.704124320429243888e-01
3.376737781687511486e+00 -1.751109351427608090e+02 5.460289981783078161e+01 7.414399068557854662e+02 1.231312614891217407e+02 6.272725003464202587e+01 3.013082708960485689e+01 1.797070456114899528e+01 -4.308015214785693381e+00 -1.740783789952920557e+01 2.691465995273619738e-01 -4.904076268844817399e+00 4.201902121248816790e+00 1.296568701804908574e+00 1.062821674281323014e+00 7.408434380867590097e-01 -2.043248159609457382e+00 8.713456959869803065e-01 3.623863967937299146e-01 2.184724390119714699e-01 -7.075400671515038598e-01 4.035488225282761188e-01 4.142414650072375193e-01 2.634240036178622235e-01
9.710262119669967262e+01 -4.789800920809327067e+01 1.298567861514493131e+02 1.231312614891217407e+02 4.009700819120945994e+02 6.236094712539387785e+01 1.926440761698151150e+01 2.264749117479419738e+01 -1.616238011117890450e+00 -4.374820418588869053e+00 1.459759383064251681e+00 1.014594024059276478e+01 8.232408600290312961e+00 2.055425079876901151e+00 -1.928473998663747802e+00 -1.003903753342992644e+00 -1.125436487527785856e-01 6.185280505578392152e-01 7.639835331956222886e-01 1.126802102055051824e+00 2.563449484391508437e-01 6.152737778828329396e-02 4.339845716554877608e-01 -1.344464034960822230e-01
1.451952911501396670e+02 1.010843591984050107e+02 -4.008090741319827544e+01 6.272725003464202587e+01 6.236094712539387785e+01 2.381709356627981720e+02 -2.366704686194041685e+01 -3.185886022810580531e+00 -4.040039874427000299e+00 1.155343107628178778e+01 7.982590013679608631e+00 1.146986121934344016e+00 -5.289163879587377437e+00 1.970166218738373387e-01 -1.176314183962870352e+00 -3.006085240835456029e-01 -3.513692088749358899e-01 -1.876516839557751393e-01 7.357661617593762582e-01 -3.606633509263132975e-01 -2.701614552724658225e-01 -2.821076632445550514e-01 2.468947899556805936e-01 -1.355143259591276295e-01
-1.064902560645661467e+00 -5.048746634807631750e+01 -1.063930832753715094e+01 3.013082708960485689e+01 1.926440761698151150e+01 -2.366704686194041685e+01 1.461485471269935488e+02 1.083060068314187241e+01 -7.554322763646510452e+00 -6.825998608611942853e-01 -6.362703997103036357e+00 -1.715424826432426109e+00 -8.467667085416601402e-01 4.488621173963750266e+00 -2.228028023130148583e+00 1.529438833636328710e+00 2.760045388583105552e-01 3.149062580467218986e-01 2.079669193594330390e-01 -3.529146970209193768e-01 -4.300593782560933609e-01 1.341595457770125288e-01 1.581600860275482467e-01 1.775969938655237168e-01
1.182629289150357543e+01 -1.516199330327638606e+01 4.380740048617808213e+01 1.797070456114899528e+01 2.264749117479419738e+01 -3.185886022810580531e+00 1.083060068314187241e+01 9.520475927414720729e+01 -2.262886732449646665e+00 -1.595133752942463978e+01 -6.348788179454556868e+00 -5.914600506044784267e-02 -2.544695076488613927e-01 8.763602474918252838e-01 -1.063054761945445348e+00 -2.118379324773023986e-01 -9.378606574848742383e-01 1.093677995780075518e+00 1.773684938446709047e-01 5.031171778025805841e-01 -2.179557941988011227e-01 1.130487826810242513e-01 3.197907420332062878e-01 6.133622578822858773e-02
-5.788464092693103424e+01 3.669260904767045872e+01 -1.385975875466695051e+01 -4.308015214785693381e+00 -1.616238011117890450e+00 -4.040039874427000299e+00 -7.554322763646510452e+00 -2.262886732449646665e+00 4.780116571001975956e+01 4.554643184643336618e-01 -3.406174422709378646e+00 3.166151131486901749e-01 -4.425630623192599700e+00 -1.815360000080122660e+00 -4.394969231938870013e-01 3.224602380092904674e-01 1.627983419322506786e-01 -2.190002439540651991e-01 5.032438638732519842e-02 1.005321455907256939e-01 -5.248654861367305080e-02 -1.056446679751443232e-03 8.287926230445988307e-02 1.052614684173562853e-01
2.947876116563120519e+01 4.394547051997783882e+01 1.237966166352224340e+00 -1.740783789952920557e+01 -4.374820418588869053e+00 1.155343107628178778e+01 -6.825998608611942853e-01 -1.595133752942463978e+01 4.554643184643336618e-01 2.791277996843257014e+01 1.987433354716180656e+00 -5.736536426102273323e-01 1.917308086264429001e-01 5.295575267601627667e-01 7.775185482529176628e-01 7.502178738558404891e-01 6.026559411795446852e-01 -2.760306986724045397e-01 1.778846160630938311e-01 -1.682144295217916641e-01 6.935436195814490001e-02 -1.036857110517492991e-01 3.449350083510145659e-02 1.371956256746287295e-02
4.983488227717469954e+01 4.450044507445549691e-01 -7.767871180189756863e+00 2.691465995273619738e-01 1.459759383064251681e+00 7.982590013679608631e+00 -6.362703997103036357e+00 -6.348788179454556868e+00 -3.406174422709378646e+00 1.987433354716180656e+00 1.314929391147760640e+01 -2.850493041168630226e-01 2.983012697418329640e-01 6.132061969188771222e-01 3.171370191573242292e-01 -5.373877840729830019e-02 8.164220002565070189e-02 3.311516638638127841e-01 4.364371851521919952e-04 -1.470274099374091203e-01 1.435111104580338026e-01 -1.000471008927073524e-01 1.076665922972719607e-03 -5.090158338874333638e-02
3.192725510502618658e+00 1.527299310480997008e+01 -1.946713784332268604e+00 -4.904076268844817399e+00 1.014594024059276478e+01 1.146986121934344016e+00 -1.715424826432426109e+00 -5.914600506044784267e-02 3.166151131486901749e-01 -5.736536426102273323e-01 -2.850493041168630226e-01 6.920204909660941262e+00 7.015197855165266061e-01 -1.330811605796211605e-01 -4.576813656056286650e-01 1.443786411718864585e-02 -9.332557162314160382e-02 -1.967361272408197914e-01 -1.511408949166395677e-01 -6.955855369071833882e-02 -1.896621655538501677e-02 1.091183563927860950e-01 4.341235014159102422e-03 3.766425155806655406e-02
1.988923798342720817e+00 -1.640266443060414758e+01 1.933242476717691716e+01 4.201902121248816790e+00 8.232408600290312961e+00 -5.289163879587377437e+00 -8.467667085416601402e-01 -2.544695076488613927e-01 -4.425630623192599700e+00 1.917308086264429001e-01 2.983012697418329640e-01 7.015197855165266061e-01 6.059387523228189742e+00 -1.088735081298786850e-01 -1.957681533022247178e-01 -3.256980939772539108e-01 -3.905219968680041787e-02 2.373624555161223393e-01 -1.340117236780010435e-01 -1.847745189730990063e-03 1.304312270973032907e-02 -2.027109554565435789e-02 -4.533163433520921715e-02 -5.935972251615763244e-03
5.377478261930179748e+00 7.139975143840574745e+00 -4.952900599616677724e+00 1.296568701804908574e+00 2.055425079876901151e+00 1.970166218738373387e-01 4.488621173963750266e+00 8.763602474918252838e-01 -1.815360000080122660e+00 5.295575267601627667e-01 6.132061969188771222e-01 -1.330811605796211605e-01 -1.088735081298786850e-01 2.031895664496378373e+00 9.552174148931130704e-02 1.069810096130856814e-01 1.997265832334138846e-01 2.141608274912822352e-01 2.860434019727426530e-02 -1.514768775385054445e-02 -2.875387193954057107e-04 -2.035047351059899798e-02 1.352037782040430187e-03 7.386763539116201517e-03
-7.836663400835912618e+00 1.682629109118531829e+01 4.859171535953593635e-01 1.062821674281323014e+00 -1.928473998663747802e+00 -1.176314183962870352e+00 -2.228028023130148583e+00 -1.063054761945445348e+00 -4.394969231938870013e-01 7.775185482529176628e-01 3.171370191573242292e-01 -4.576813656056286650e-01 -1.957681533022247178e-01 9.552174148931130704e-02 1.544967691001976506e+00 -3.168249785944968894e-02 -1.867911579067121353e-01 1.368577110458000547e-02 -1.408427990141972695e-02 5.350082674391812981e-02 3.827951033535493403e-02 -1.322354663101637552e-02 -2.140971945355809800e-02 -2.676768401019930660e-02
2.291215953847125419e+01 1.410331601154682701e+00 -2.642954213828447418e+00 7.408434380867590097e-01 -1.003903753342992644e+00 -3.006085240835456029e-01 1.529438833636328710e+00 -2.118379324773023986e-01 3.224602380092904674e-01 7.502178738558404891e-01 -5.373877840729830019e-02 1.443786411718864585e-02 -3.256980939772539108e-01 1.069810096130856814e-01 -3.168249785944968894e-02 7.461155703472724943e-01 -2.834065445007527551e-02 -2.140563673890789192e-02 6.371473906576665194e-03 -7.355775705807469055e-03 -3.393331347347810362e-02 -2.189513575501482456e-02 -6.591943498148642409e-04 -6.160956081142395305e-03
-2.706640354101042423e+00 5.992457128018604529e+00 6.868766673501277564e-01 -2.043248159609457382e+00 -1.125436487527785856e-01 -3.513692088749358899e-01 2.760045388583105552e-01 -9.378606574848742383e-01 1.627983419322506786e-01 6.026559411795446852e-01 8.164220002565070189e-02 -9.332557162314160382e-02 -3.905219968680041787e-02 1.997265832334138846e-01 -1.867911579067121353e-01 -2.834065445007527551e-02 3.087776155013873258e-01 6.322690101760626569e-04 4.012610024690457106e-02 -2.214896121688420677e-02 -2.305393708308534203e-04 -8.745290017499634735e-03 2.131286233666890989e-03 1.144773296964013247e-02
-4.762382957730893374e+00 2.847105443142057268e+00 3.893259630247351222e+00 8.713456959869803065e-01 6.185280505578392152e-01 -1.876516839557751393e-01 3.149062580467218986e-01 1.093677995780075518e+00 -2.190002439540651991e-01 -2.760306986724045397e-01 3.311516638638127841e-01 -1.967361272408197914e-01 2.373624555161223393e-01 2.141608274912822352e-01 1.368577110458000547e-02 -2.140563673890789192e-02 6.322690101760626569e-04 2.402667883093104473e-01 9.845285076495186981e-04 3.261280880648789043e-02 -1.741896532885061147e-02 3.588046453119927547e-03 6.769606069322114950e-03 8.874501378955873326e-04
-2.776586732370835531e+00 2.495083987255052982e+00 1.341492710924300891e+00 3.623863967937299146e-01 7.639835331956222886e-01 7.357661617593762582e-01 2.079669193594330390e-01 1.773684938446709047e-01 5.032438638732519842e-02 1.778846160630938311e-01 4.364371851521919952e-04 -1.511408949166395677e-01 -1.340117236780010435e-01 2.860434019727426530e-02 -1.408427990141972695e-02 6.371473906576665194e-03 4.012610024690457106e-02 9.845285076495186981e-04 9.900995736661488689e-02 9.800823533856438396e-03 4.315538672250525051e-03 -1.997544963829372185e-03 1.066921946414928039e-02 -2.763937091517495136e-03
-3.565221082879012737e+00 -2.858332259695300359e-01 1.272824108528783027e+00 2.184724390119714699e-01 1.126802102055051824e+00 -3.606633509263132975e-01 -3.529146970209193768e-01 5.031171778025805841e-01 1.005321455907256939e-01 -1.682144295217916641e-01 -1.470274099374091203e-01 -6.955855369071833882e-02 -1.847745189730990063e-03 -1.514768775385054445e-02 5.350082674391812981e-02 -7.355775705807469055e-03 -2.214896121688420677e-02 3.261280880648789043e-02 9.800823533856438396e-03 6.927828216193253341e-02 9.157844448921381025e-03 -1.835881701954080510e-03 7.369478638455257682e-04 -2.175159977389865516e-03
1.704524446495462031e-01 -1.682112726621486143e+00 -9.921960822002855174e-02 -7.075400671515038598e-01 2.563449484391508437e-01 -2.701614552724658225e-01 -4.300593782560933609e-01 -2.179557941988011227e-01 -5.248654861367305080e-02 6.935436195814490001e-02 1.435111104580338026e-01 -1.896621655538501677e-02 1.304312270973032907e-02 -2.875387193954057107e-04 3.827951033535493403e-02 -3.393331347347810362e-02 -2.305393708308534203e-04 -1.741896532885061147e-02 4.315538672250525051e-03 9.157844448921381025e-03 2.926321149957225934e-02 -2.081002893431447513e-03 -4.177954545298692701e-03 -3.811321234535693277e-03
-9.758720731226337985e-01 1.993273284748614316e+00 8.674018070623049637e-01 4.035488225282761188e-01 6.152737778828329396e-02 -2.821076632445550514e-01 1.341595457770125288e-01 1.130487826810242513e-01 -1.056446679751443232e-03 -1.036857110517492991e-01 -1.000471008927073524e-01 1.091183563927860950e-01 -2.027109554565435789e-02 -2.035047351059899798e-02 -1.322354663101637552e-02 -2.189513575501482456e-02 -8.745290017499634735e-03 3.588046453119927547e-03 -1.997544963829372185e-03 -1.835881701954080510e-03 -2.081002893431447513e-03 2.171441375916446578e-02 5.392093368650322655e-03 4.082213553464889705e-03
-8.573091546571349753e-01 1.408488790396562607e+00 7.215743647663916960e-01 4.142414650072375193e-01 4.339845716554877608e-01 2.468947899556805936e-01 1.581600860275482467e-01 3.197907420332062878e-01 8.287926230445988307e-02 3.449350083510145659e-02 1.076665922972719607e-03 4.341235014159102422e-03 -4.533163433520921715e-02 1.352037782040430187e-03 -2.140971945355809800e-02 -6.591943498148642409e-04 2.131286233666890989e-03 6.769606069322114950e-03 1.066921946414928039e-02 7.369478638455257682e-04 -4.177954545298692701e-03 5.392093368650322655e-03 1.702729167521535927e-02 4.563992013647195575e-03
-1.108151841946831279e-01 -1.426233657124914844e-01 -1.704124320429243888e-01 2.634240036178622235e-01 -1.344464034960822230e-01 -1.355143259591276295e-01 1.775969938655237168e-01 6.133622578822858773e-02 1.052614684173562853e-01 1.371956256746287295e-02 -5.090158338874333638e-02 3.766425155806655406e-02 -5.935972251615763244e-03 7.386763539116201517e-03 -2.676768401019930660e-02 -6.160956081142395305e-03 1.144773296964013247e-02 8.874501378955873326e-04 -2.763937091517495136e-03 -2.175159977389865516e-03 -3.811321234535693277e-03 4.082213553464889705e-03 4.563992013647195575e-03 1.097173166419854011e-02
