1.000000000000000000e+00 1.828835186788235201e-01 1.161366062756373080e-01 -2.727921565261769155e-02 1.618457771193607397e-01 1.802716392166573700e-01 1.309483293514761802e-02 -1.775343585058774265e-01 2.135612559562376916e-02 1.295751707411432196e-01 -7.483274479217416619e-02 2.326432749372213116e-01 -1.612852784957045371e-01 -1.002873296603379039e-01 1.133431428256590351e-01 -4.266537758374819994e-02 9.553110021520212769e-02 -1.259054998303087147e-01 6.522728335456352833e-02 -1.479901179308618364e-01 -7.176608131394421330e-02 -8.623411580351217354e-02 -4.159597877880482492e-02 -7.532640577808391580e-02
1.828835186788235201e-01 1.000000000000000000e+00 -1.197048347945030705e-01 -3.743308041470173181e-02 2.161935659377380026e-01 -1.058211677449156785e-01 1.080933632134014888e-01 -4.641097030852043420e-02 2.369001526565800986e-01 1.825734065861033817e-01 6.030639089004662112e-02 1.531984552029289071e-01 1.258965060829774496e-01 -5.599425122477128675e-02 1.271767961013076931e-01 1.503928814443486472e-01 8.849232223480654747e-02 -1.120231092958363407e-02 -2.083459813803204830e-01 3.702385849072043628e-02 -9.177922657741033330e-02 -3.945931383908640039e-02 1.498841670689768368e-01 7.778608908783436748e-02
1.161366062756373080e-01 -1.197048347945030705e-01 1.000000000000000000e+00 -1.837701623677918256e-02 -2.465213251711605158e-02 -6.317650708650730806e-02 -2.509641576671184067e-04 8.328832073823641546e-02 9.731639311864793973e-02 4.695165853103225317e-02 -9.154176666746724478e-02 -1.441028613300098481e-02 -2.103148904240702555e-01 8.340143112807267556e-02 -3.634885476343879818e-02 -1.774071453180569788e-02 4.508743533216914845e-02 1.323967414537160006e-02 9.548101026870203789e-02 1.015751182353499468e-02 6.277291431457004967e-02 3.780034995795423375e-03 3.545561828270155178e-03 -1.044443288279797970e-03
-2.727921565261769155e-02 -3.743308041470173181e-02 -1.837701623677918256e-02 1.000000000000000000e+00 1.171795658303014659e-01 1.551766602791505023e-01 7.983164075057197495e-02 -1.895068669647775525e-02 1.246375481136332841e-01 8.848565710677219753e-02 3.049498799368894827e-02 1.121259309880709293e-01 1.929071505729469393e-01 2.508997618542641583e-01 4.005708291159477269e-02 -2.026080125849600774e-02 -1.047812786721633721e-01 -6.617997557831713229e-02 2.177058832686961654e-01 2.772229916363757596e-01 1.034102279071685143e-01 -2.072525099190715772e-02 -6.615346261042569231e-02 7.451737331375042628e-02
1.618457771193607397e-01 2.161935659377380026e-01 -2.465213251711605158e-02 1.171795658303014659e-01 1.000000000000000000e+00 -1.561568265292423152e-01 -6.477374350912637468e-02 1.802087416481338855e-01 -2.644516476369627653e-02 1.551020887781322521e-01 -3.726707284282266240e-03 1.485795123041889487e-01 1.667860702236427239e-01 9.949773028995516355e-02 2.747572848452209948e-01 1.602246914339101602e-01 1.224603363656429911e-01 -1.570977116233093496e-01 -9.234951699377055845e-02 3.808766594895756502e-02 -8.110630538742767681e-02 -3.500810600438127636e-03 -2.036606770273784520e-02 -1.457524366932800020e-01
1.802716392166573700e-01 -1.058211677449156785e-01 -6.317650708650730806e-02 1.551766602791505023e-01 -1.561568265292423152e-01 1.000000000000000000e+00 1.198885457217452495e-02 3.090831863070398616e-02 2.144307358065487001e-01 9.708330178729158988e-02 -9.058483631214579723e-03 5.700790113555932043e-02 1.686879994487895662e-02 2.115688372963859046e-02 2.886748068748391099e-02 1.546609948254644984e-01 7.490940728278573657e-02 -1.086123780643324793e-01 8.954357188012346258e-02 -6.524318107505588070e-03 6.710285945497389271e-02 7.824013001289673030e-02 1.226580504437260466e-01 1.966222125373159602e-01
1.309483293514761802e-02 1.080933632134014888e-01 -2.509641576671184067e-04 7.983164075057197495e-02 -6.477374350912637468e-02 1.198885457217452495e-02 1.000000000000000000e+00 -1.342327358698870432e-01 -5.387312817255800884e-02 -4.784865702158086487e-02 5.074698850002334199e-02 2.798875948702829741e-01 9.325527847559625383e-02 4.002676267711205993e-01 9.950763091786429815e-02 2.569989179194129281e-01 1.972814695246807165e-02 1.424061001499875023e-01 9.935259181744933443e-02 -7.278927749333589936e-02 1.103582881685022249e-01 1.923872889551250243e-01 1.835020623778361171e-01 6.503588839800561461e-02
-1.775343585058774265e-01 -4.641097030852043420e-02 8.328832073823641546e-02 -1.895068669647775525e-02 1.802087416481338855e-01 3.090831863070398616e-02 -1.342327358698870432e-01 1.000000000000000000e+00 7.969165483035699216e-02 -1.336040592641984104e-01 1.031263532574363123e-01 -1.188357928057144214e-01 2.001227603035254654e-01 1.870425560639198959e-01 1.190725571230676072e-01 -3.821850563513078114e-02 6.489743104302504728e-02 1.934375822307128345e-01 -4.157449557791473294e-02 -1.015986574648919255e-01 -2.504477264341914422e-01 -1.592066752228862847e-01 1.570110168346911320e-02 -2.131879270819390104e-01
2.135612559562376916e-02 2.369001526565800986e-01 9.731639311864793973e-02 1.246375481136332841e-01 -2.644516476369627653e-02 2.144307358065487001e-01 -5.387312817255800884e-02 7.969165483035699216e-02 1.000000000000000000e+00 1.063926256326703651e-01 -1.013955118999948918e-01 2.120634104639587680e-02 -4.499775922860557720e-02 3.657718161179990962e-02 -1.067867154919984775e-02 1.696129388462641607e-01 4.405743166685548336e-03 -1.227983607985191489e-01 -1.307420072863499927e-01 3.627564265198420651e-02 -1.687490729625606631e-02 -2.065191656638444839e-01 2.205210472037533176e-02 1.569272785192077635e-01
1.295751707411432196e-01 1.825734065861033817e-01 4.695165853103225317e-02 8.848565710677219753e-02 1.551020887781322521e-01 9.708330178729158988e-02 -4.784865702158086487e-02 -1.336040592641984104e-01 1.063926256326703651e-01 1.000000000000000000e+00 2.125203688319669826e-01 8.604131985638663327e-02 -1.261763756204511110e-02 -1.336595772296481355e-01 1.551215278552426635e-01 2.418340882181909679e-01 2.583574936125324073e-01 -4.275803295514231384e-02 7.107262851931636649e-02 1.933614288536283643e-01 3.907431972068029641e-02 -1.214810820294291022e-01 1.389756469020110852e-01 1.201639700145304829e-01
-7.483274479217416619e-02 6.030639089004662112e-02 -9.154176666746724478e-02 3.049498799368894827e-02 -3.726707284282266240e-03 -9.058483631214579723e-03 5.074698850002334199e-02 1.031263532574363123e-01 -1.013955118999948918e-01 2.125203688319669826e-01 1.000000000000000000e+00 1.468391368521135276e-01 2.670135392597960955e-01 4.084425555980016054e-02 1.682304251467024447e-01 2.892821521503521343e-01 1.343754658479349162e-01 2.373175689059251470e-01 1.505790378421345832e-01 1.701006670184505021e-01 5.460489609295655217e-02 -7.234812485197131271e-02 -2.163549245642878982e-01 -1.009999059761431117e-01
2.326432749372213116e-01 1.531984552029289071e-01 -1.441028613300098481e-02 1.121259309880709293e-01 1.485795123041889487e-01 5.700790113555932043e-02 2.798875948702829741e-01 -1.188357928057144214e-01 2.120634104639587680e-02 8.604131985638663327e-02 1.468391368521135276e-01 1.000000000000000000e+00 2.503468978012554635e-01 2.352663631924517829e-01 1.343767833918013965e-01 1.709539271170679720e-01 1.478468514981108595e-01 9.580642747265788461e-02 -8.661986567506210419e-03 8.733121031381604893e-02 1.212638818752319464e-01 6.356780852378389468e-02 4.559867425164646632e-02 1.274413349877576429e-01
-1.612852784957045371e-01 1.258965060829774496e-01 -2.103148904240702555e-01 1.929071505729469393e-01 1.667860702236427239e-01 1.686879994487895662e-02 9.325527847559625383e-02 2.001227603035254654e-01 -4.499775922860557720e-02 -1.261763756204511110e-02 2.670135392597960955e-01 2.503468978012554635e-01 1.000000000000000000e+00 8.981479427596079923e-02 3.019096360747340335e-01 1.860854172199083167e-01 2.018211573604277997e-01 1.162256228756885917e-01 -4.152030097237850714e-02 7.898780749894572517e-02 1.471430319516301433e-01 -9.154281693445683044e-02 2.717114166829335750e-02 5.868910405041023043e-02
-1.002873296603379039e-01 -5.599425122477128675e-02 8.340143112807267556e-02 2.508997618542641583e-01 9.949773028995516355e-02 2.115688372963859046e-02 4.002676267711205993e-01 1.870425560639198959e-01 3.657718161179990962e-02 -1.336595772296481355e-01 4.084425555980016054e-02 2.352663631924517829e-01 8.981479427596079923e-02 1.000000000000000000e+00 1.344722107658993249e-01 2.984506555269834938e-02 -1.943454334662010063e-01 2.028902554326065394e-02 2.406489981717178928e-02 -8.316589118888331744e-02 -3.466956359966479051e-02 -6.302708742352619575e-02 3.214453721306664152e-02 5.907725804331089535e-04
1.133431428256590351e-01 1.271767961013076931e-01 -3.634885476343879818e-02 4.005708291159477269e-02 2.747572848452209948e-01 2.886748068748391099e-02 9.950763091786429815e-02 1.190725571230676072e-01 -1.067867154919984775e-02 1.551215278552426635e-01 1.682304251467024447e-01 1.343767833918013965e-01 3.019096360747340335e-01 1.344722107658993249e-01 1.000000000000000000e+00 2.223241006161216504e-01 1.497642207705955908e-01 1.023314977622394872e-01 -1.835610737724421571e-01 8.173733977002825557e-02 3.696171053150541785e-02 -8.605669445197368372e-02 2.259556106869989589e-01 -6.803571601501476329e-02
-4.266537758374819994e-02 1.503928814443486472e-01 -1.774071453180569788e-02 -2.026080125849600774e-02 1.602246914339101602e-01 1.546609948254644984e-01 2.569989179194129281e-01 -3.821850563513078114e-02 1.696129388462641607e-01 2.418340882181909679e-01 2.892821521503521343e-01 1.709539271170679720e-01 1.860854172199083167e-01 2.984506555269834938e-02 2.223241006161216504e-01 1.000000000000000000e+00 1.936113839125488401e-01 5.001600038730701775e-02 5.747518356860816663e-02 1.527934987185210758e-01 -1.267351076521712472e-02 1.209231613105650610e-01 3.253631311686747685e-01 3.246217972666309848e-01
9.553110021520212769e-02 8.849232223480654747e-02 4.508743533216914845e-02 -1.047812786721633721e-01 1.224603363656429911e-01 7.490940728278573657e-02 1.972814695246807165e-02 6.489743104302504728e-02 4.405743166685548336e-03 2.583574936125324073e-01 1.343754658479349162e-01 1.478468514981108595e-01 2.018211573604277997e-01 -1.943454334662010063e-01 1.497642207705955908e-01 1.936113839125488401e-01 1.000000000000000000e+00 7.122889436759012941e-03 2.972400782921821860e-01 2.680873789048588418e-01 1.302342102890771680e-01 1.814462488857551126e-01 1.042397908600582734e-01 2.385472790881968397e-01
-1.259054998303087147e-01 -1.120231092958363407e-02 1.323967414537160006e-02 -6.617997557831713229e-02 -1.570977116233093496e-01 -1.086123780643324793e-01 1.424061001499875023e-01 1.934375822307128345e-01 -1.227983607985191489e-01 -4.275803295514231384e-02 2.373175689059251470e-01 9.580642747265788461e-02 1.162256228756885917e-01 2.028902554326065394e-02 1.023314977622394872e-01 5.001600038730701775e-02 7.122889436759012941e-03 1.000000000000000000e+00 2.176139841638848882e-01 2.585452198949867997e-01 2.807117318715759424e-01 1.558490290831011649e-01 1.297360849260112414e-02 1.873236658953394279e-02
6.522728335456352833e-02 -2.083459813803204830e-01 9.548101026870203789e-02 2.177058832686961654e-01 -9.234951699377055845e-02 8.954357188012346258e-02 9.935259181744933443e-02 -4.157449557791473294e-02 -1.307420072863499927e-01 7.107262851931636649e-02 1.505790378421345832e-01 -8.661986567506210419e-03 -4.152030097237850714e-02 2.406489981717178928e-02 -1.835610737724421571e-01 5.747518356860816663e-02 2.972400782921821860e-01 2.176139841638848882e-01 1.000000000000000000e+00 3.210380833530451228e-01 2.903524088464121689e-01 2.469207057368335567e-01 -9.650280235103933513e-02 1.574038948745716537e-01
-1.479901179308618364e-01 3.702385849072043628e-02 1.015751182353499468e-02 2.772229916363757596e-01 3.808766594895756502e-02 -6.524318107505588070e-03 -7.278927749333589936e-02 -1.015986574648919255e-01 3.627564265198420651e-02 1.933614288536283643e-01 1.701006670184505021e-01 8.733121031381604893e-02 7.898780749894572517e-02 -8.316589118888331744e-02 8.173733977002825557e-02 1.527934987185210758e-01 2.680873789048588418e-01 2.585452198949867997e-01 3.210380833530451228e-01 1.000000000000000000e+00 4.510685701642142553e-01 1.358717156543133853e-01 7.703819866014618989e-02 2.385770400340685438e-01
-7.176608131394421330e-02 -9.177922657741033330e-02 6.277291431457004967e-02 1.034102279071685143e-01 -8.110630538742767681e-02 6.710285945497389271e-02 1.103582881685022249e-01 -2.504477264341914422e-01 -1.687490729625606631e-02 3.907431972068029641e-02 5.460489609295655217e-02 1.212638818752319464e-01 1.471430319516301433e-01 -3.466956359966479051e-02 3.696171053150541785e-02 -1.267351076521712472e-02 1.302342102890771680e-01 2.807117318715759424e-01 2.903524088464121689e-01 4.510685701642142553e-01 1.000000000000000000e+00 3.881157981130284318e-01 1.096706198157290368e-01 3.413946134062412763e-01
-8.623411580351217354e-02 -3.945931383908640039e-02 3.780034995795423375e-03 -2.072525099190715772e-02 -3.500810600438127636e-03 7.824013001289673030e-02 1.923872889551250243e-01 -1.592066752228862847e-01 -2.065191656638444839e-01 -1.214810820294291022e-01 -7.234812485197131271e-02 6.356780852378389468e-02 -9.154281693445683044e-02 -6.302708742352619575e-02 -8.605669445197368372e-02 1.209231613105650610e-01 1.814462488857551126e-01 1.558490290831011649e-01 2.469207057368335567e-01 1.358717156543133853e-01 3.881157981130284318e-01 1.000000000000000000e+00 4.969040145475033809e-01 5.403965981155157694e-01
-4.159597877880482492e-02 1.498841670689768368e-01 3.545561828270155178e-03 -6.615346261042569231e-02 -2.036606770273784520e-02 1.226580504437260466e-01 1.835020623778361171e-01 1.570110168346911320e-02 2.205210472037533176e-02 1.389756469020110852e-01 -2.163549245642878982e-01 4.559867425164646632e-02 2.717114166829335750e-02 3.214453721306664152e-02 2.259556106869989589e-01 3.253631311686747685e-01 1.042397908600582734e-01 1.297360849260112414e-02 -9.650280235103933513e-02 7.703819866014618989e-02 1.096706198157290368e-01 4.969040145475033809e-01 1.000000000000000000e+00 5.852048269814499326e-01
-7.532640577808391580e-02 7.778608908783436748e-02 -1.044443288279797970e-03 7.451737331375042628e-02 -1.457524366932800020e-01 1.966222125373159602e-01 6.503588839800561461e-02 -2.131879270819390104e-01 1.569272785192077635e-01 1.201639700145304829e-01 -1.009999059761431117e-01 1.274413349877576429e-01 5.868910405041023043e-02 5.907725804331089535e-04 -6.803571601501476329e-02 3.246217972666309848e-01 2.385472790881968397e-01 1.873236658953394279e-02 1.574038948745716537e-01 2.385770400340685438e-01 3.413946134062412763e-01 5.403965981155157694e-01 5.852048269814499326e-01 1.000000000000000000e+00
