4.860340087450713327e+03 6.282105244472555796e+02 3.453924154350181652e+02 5.226595354125191051e+01 2.637603290734520201e+01 1.700459574871315453e+02 -3.480465498098676136e+01 -4.714816982195538486e+01 -1.615079067559248349e+00 6.247971071858771097e+01 -5.262885930058240547e+01 3.707227474068315587e+01 -2.213702545129281418e+01 -6.440765698728427857e+00 5.149971737954525786e+00 -1.404137296297093718e+00 6.128817368105524466e+00 -6.030828613893229218e+00 6.425853616940817581e-01 -2.351736057298337013e+00 8.011644327101302698e-01 -4.332060640543312635e-01 -6.627282402253475979e-01 -1.188783004546135613e+00
6.282105244472555796e+02 2.930567957105512960e+03 -5.473278888369743100e+01 -1.739164534675864786e+02 4.552271441515123307e+00 -1.273803001472571452e+02 -2.239441487881028436e+01 -7.151010375591638990e+01 7.806820885742982341e+01 2.319329385283029410e+01 6.767120706442964817e+00 1.664617610291920968e+01 9.733091684561880896e+00 -1.163497817115717403e+01 1.408351483454915343e+00 1.463742072050661092e+00 6.071467909216992087e-01 -6.041877599116372899e+00 -4.436619093084605225e+00 -2.889851861350548612e-01 -1.471312178896613254e+00 -6.590162794291517523e-01 -1.351976497521313429e-02 2.784143628980807750e-02
3.453924154350181652e+02 -5.473278888369743100e+01 1.133797817466517245e+03 5.594051333630888934e+01 -2.095877303484288490e+01 1.364081312053672335e+01 1.925099849836036725e+01 3.426722618131012155e+01 6.816561721390186790e+01 3.306247143260365107e+01 -5.366910796326459732e+00 5.249484282570444194e+00 -4.211203223163854759e+00 5.258481381455017534e+00 -2.867482552088591596e+00 2.015222583652287014e+00 1.478648053474979518e+00 -4.831736111927765337e-02 1.044509484494404283e+00 9.301546411537909842e-01 6.144525153578025423e-01 -4.299014609828634148e-01 -9.436015283211695026e-01 -1.932931953930173419e-01
5.226595354125191051e+01 -1.739164534675864786e+02 5.594051333630888934e+01 7.438880799119153835e+02 -4.927768935525732807e+00 9.098232806346452151e+01 7.199131184184489385e+00 -9.748408323150790977e+00 1.939077746852776585e+01 -2.760613024247583480e-01 -1.352950372146785085e+01 -3.616130082329947482e-01 2.478135525362541447e+00 3.491967256628372596e+00 -1.556275984244350319e+00 -9.077759175716566542e-01 -8.783824507019146743e-01 -6.726747484149970813e-01 1.343474126054365669e+00 1.691034909481055282e+00 5.620092394327481644e-01 5.695419810191082455e-01 3.332925727614246408e-02 6.189250026385360037e-01
2.637603290734520201e+01 4.552271441515123307e+00 -2.095877303484288490e+01 -4.927768935525732807e+00 2.932574625147062761e+02 -1.757090622394537860e+01 -1.977123211048500906e+01 2.264358344062972961e+01 -2.377770495387371952e+01 1.720516619117750667e-01 -1.336567914638916932e+01 -4.361743937512821745e+00 4.654370092256228553e+00 2.054237477135903323e+00 3.091390415605829833e+00 7.419699400746693208e-01 -1.706530700076722473e+00 -1.683936319296549300e+00 -8.657707470620732426e-01 -5.461920289437034448e-01 1.595051271815297322e-01 -3.236267453608399625e-01 -2.503140028532758743e-01 -3.932087392775495127e-01
1.700459574871315453e+02 -1.273803001472571452e+02 1.364081312053672335e+01 9.098232806346452151e+01 -1.757090622394537860e+01 2.365423871714229165e+02 6.737615553080257946e+00 2.129496723458464302e+01 2.561633984263105646e+01 2.450952917376001849e+00 3.806483012793049903e-01 -8.558027079080848809e-01 4.294863081998777643e-01 1.283008957687581830e+00 8.055447989143152965e-01 1.872242464913365545e+00 -2.145070592746413651e-01 -1.354895263287591245e+00 9.131955798449367667e-02 -6.358883071223778161e-02 2.926528859685759709e-01 1.288189902217288796e-01 2.379434369084792722e-01 3.889145776069393157e-01
-3.480465498098676136e+01 -2.239441487881028436e+01 1.925099849836036725e+01 7.199131184184489385e+00 -1.977123211048500906e+01 6.737615553080257946e+00 7.600979588084737770e+01 -2.970547909069290071e+01 4.744714731070450164e-01 1.103120208888956011e+00 -6.958421028474952585e+00 1.495954149219162144e+00 -1.055138140783083323e+00 3.523576576315403219e+00 -9.911525098152859092e-01 4.810438874480074123e-01 -3.147675181416899615e-01 7.568277551620131161e-02 -2.284868897959417833e-01 -3.774180293446626200e-01 1.904095576282061608e-01 4.058353539346224448e-01 2.575831035790931423e-01 1.953029143416225299e-01
-4.714816982195538486e+01 -7.151010375591638990e+01 3.426722618131012155e+01 -9.748408323150790977e+00 2.264358344062972961e+01 2.129496723458464302e+01 -2.970547909069290071e+01 1.030907141117139645e+02 6.002096986662105671e+00 -1.075160590890779311e+01 -3.456329082318026380e+00 -4.934387804880631556e+00 4.687493804588040547e+00 2.967722831549383766e+00 8.917952400110757960e-01 -1.450622655582477050e+00 3.234982938964962584e-01 4.181096240781482232e-01 -1.493778105518154264e-01 -3.183792432346974760e-02 -5.615804321932358345e-01 -4.562079502913863327e-01 -2.054769235877440814e-01 -3.603697119646129265e-01
-1.615079067559248349e+00 7.806820885742982341e+01 6.816561721390186790e+01 1.939077746852776585e+01 -2.377770495387371952e+01 2.561633984263105646e+01 4.744714731070450164e-01 6.002096986662105671e+00 5.147332617672457644e+01 4.775578893093250343e+00 -1.052680785558612664e+00 -2.185096095459922338e+00 -1.364346975568527132e+00 -2.327991782442177249e-01 -2.244241447490766261e-01 3.089387515450164323e-01 3.947192620159239440e-01 -3.705004929731601226e-01 -1.486281343292467361e-01 -7.418530290782732184e-02 -1.350691541906099691e-01 -1.834347130031313833e-01 -7.982189338845920024e-02 1.643044712155258477e-02
6.247971071858771097e+01 2.319329385283029410e+01 3.306247143260365107e+01 -2.760613024247583480e-01 1.720516619117750667e-01 2.450952917376001849e+00 1.103120208888956011e+00 -1.075160590890779311e+01 4.775578893093250343e+00 2.055326430383052383e+01 2.378360764523104631e+00 -1.026127299329071541e+00 -1.560525631970854255e+00 -2.281659811861454390e+00 -6.784457754002028163e-02 1.019083751686092887e+00 6.418011558777869663e-01 -7.090380197561444442e-01 6.348066256672021956e-02 8.334695660983269805e-02 3.599346939979801430e-02 -1.338834584788747284e-01 2.490327626701448541e-02 1.174057603060401321e-02
-5.262885930058240547e+01 6.767120706442964817e+00 -5.366910796326459732e+00 -1.352950372146785085e+01 -1.336567914638916932e+01 3.806483012793049903e-01 -6.958421028474952585e+00 -3.456329082318026380e+00 -1.052680785558612664e+00 2.378360764523104631e+00 1.601100228374746237e+01 1.033821613929622130e+00 1.856402449066023808e+00 -7.722602150699442447e-01 6.460968501775171680e-01 8.606169011652413658e-01 2.514316887171948456e-01 4.555378454178015540e-02 1.920356883946060522e-01 9.683842146188025024e-02 -1.010570517648786901e-02 8.998312702860666651e-04 -6.387491695458447083e-02 -7.472040272866402322e-03
3.707227474068315587e+01 1.664617610291920968e+01 5.249484282570444194e+00 -3.616130082329947482e-01 -4.361743937512821745e+00 -8.558027079080848809e-01 1.495954149219162144e+00 -4.934387804880631556e+00 -2.185096095459922338e+00 -1.026127299329071541e+00 1.033821613929622130e+00 9.499245526946664242e+00 3.300249452713293064e-01 6.401007115758764465e-01 1.296878246434599591e-01 -6.640457263783734743e-02 2.631290134253173596e-01 3.808216401484036673e-02 2.502910888846521936e-02 7.459837523472986898e-02 1.849115827001292234e-02 2.996234102339516772e-02 -5.058266552346776107e-02 3.551245269001719607e-02
-2.213702545129281418e+01 9.733091684561880896e+00 -4.211203223163854759e+00 2.478135525362541447e+00 4.654370092256228553e+00 4.294863081998777643e-01 -1.055138140783083323e+00 4.687493804588040547e+00 -1.364346975568527132e+00 -1.560525631970854255e+00 1.856402449066023808e+00 3.300249452713293064e-01 4.039459462125891243e+00 -6.277937733438403445e-01 5.272426250970564388e-01 -8.790975955610377812e-02 2.874446357751612724e-01 8.022839086507592421e-02 -3.684151891852832650e-02 1.866351324504210776e-02 6.501829369300217432e-02 1.184308719014865677e-03 -1.040037275533297820e-02 1.561348280323271095e-02
-6.440765698728427857e+00 -1.163497817115717403e+01 5.258481381455017534e+00 3.491967256628372596e+00 2.054237477135903323e+00 1.283008957687581830e+00 3.523576576315403219e+00 2.967722831549383766e+00 -2.327991782442177249e-01 -2.281659811861454390e+00 -7.722602150699442447e-01 6.401007115758764465e-01 -6.277937733438403445e-01 3.035215176356872213e+00 2.714052241040142838e-02 -1.090385782569360806e-01 -3.010703983694286712e-01 -4.783043096134038941e-02 -3.358291275308609991e-02 -8.896030321618141057e-02 -4.279894699868960761e-02 -2.910577041372151841e-02 2.022067328966127130e-03 -1.377616909531859807e-02
5.149971737954525786e+00 1.408351483454915343e+00 -2.867482552088591596e+00 -1.556275984244350319e+00 3.091390415605829833e+00 8.055447989143152965e-01 -9.911525098152859092e-01 8.917952400110757960e-01 -2.244241447490766261e-01 -6.784457754002028163e-02 6.460968501775171680e-01 1.296878246434599591e-01 5.272426250970564388e-01 2.714052241040142838e-02 1.057887420331234951e+00 -3.607712119993087413e-03 6.714785694954020223e-02 8.272062218197893946e-02 6.716420099126092606e-03 2.420759818883479880e-03 -1.965596438662285325e-02 -1.796037890299636078e-02 2.367627531114230993e-02 -2.137923075834411921e-02
-1.404137296297093718e+00 1.463742072050661092e+00 2.015222583652287014e+00 -9.077759175716566542e-01 7.419699400746693208e-01 1.872242464913365545e+00 4.810438874480074123e-01 -1.450622655582477050e+00 3.089387515450164323e-01 1.019083751686092887e+00 8.606169011652413658e-01 -6.640457263783734743e-02 -8.790975955610377812e-02 -1.090385782569360806e-01 -3.607712119993087413e-03 7.746942980943266610e-01 5.755256232051123022e-02 -1.100895671906560042e-01 -2.535384168586971021e-02 -1.115755414868029906e-02 -1.283942314474046699e-02 -4.684112875178377509e-03 3.688128323615631060e-02 2.247264004887039937e-02
6.128817368105524466e+00 6.071467909216992087e-01 1.478648053474979518e+00 -8.783824507019146743e-01 -1.706530700076722473e+00 -2.145070592746413651e-01 -3.147675181416899615e-01 3.234982938964962584e-01 3.947192620159239440e-01 6.418011558777869663e-01 2.514316887171948456e-01 2.631290134253173596e-01 2.874446357751612724e-01 -3.010703983694286712e-01 6.714785694954020223e-02 5.755256232051123022e-02 4.130571888217434151e-01 -2.862544226989347743e-04 1.770980068824370285e-02 7.429968711992219858e-03 4.639736437329123643e-03 -3.183647331012876458e-04 -7.261872200517264196e-03 1.840077244190038437e-04
-6.030828613893229218e+00 -6.041877599116372899e+00 -4.831736111927765337e-02 -6.726747484149970813e-01 -1.683936319296549300e+00 -1.354895263287591245e+00 7.568277551620131161e-02 4.181096240781482232e-01 -3.705004929731601226e-01 -7.090380197561444442e-01 4.555378454178015540e-02 3.808216401484036673e-02 8.022839086507592421e-02 -4.783043096134038941e-02 8.272062218197893946e-02 -1.100895671906560042e-01 -2.862544226989347743e-04 2.870202886409544130e-01 3.381813266282972935e-02 1.164339568625851092e-02 8.595556874588057214e-03 9.011560307654665689e-03 -5.472416731227423142e-03 3.722144172514869399e-04
6.425853616940817581e-01 -4.436619093084605225e+00 1.044509484494404283e+00 1.343474126054365669e+00 -8.657707470620732426e-01 9.131955798449367667e-02 -2.284868897959417833e-01 -1.493778105518154264e-01 -1.486281343292467361e-01 6.348066256672021956e-02 1.920356883946060522e-01 2.502910888846521936e-02 -3.684151891852832650e-02 -3.358291275308609991e-02 6.716420099126092606e-03 -2.535384168586971021e-02 1.770980068824370285e-02 3.381813266282972935e-02 1.056011319829671807e-01 1.721892022938622396e-02 1.805007551392652163e-02 7.507396873110368241e-03 -1.207423180611642659e-02 4.175955920998028134e-03
-2.351736057298337013e+00 -2.889851861350548612e-01 9.301546411537909842e-01 1.691034909481055282e+00 -5.461920289437034448e-01 -6.358883071223778161e-02 -3.774180293446626200e-01 -3.183792432346974760e-02 -7.418530290782732184e-02 8.334695660983269805e-02 9.683842146188025024e-02 7.459837523472986898e-02 1.866351324504210776e-02 -8.896030321618141057e-02 2.420759818883479880e-03 -1.115755414868029906e-02 7.429968711992219858e-03 1.164339568625851092e-02 1.721892022938622396e-02 5.278296049777219529e-02 1.239339010320629833e-02 1.746802986052596336e-03 -2.497384444562645439e-03 4.706159487318056257e-03
8.011644327101302698e-01 -1.471312178896613254e+00 6.144525153578025423e-01 5.620092394327481644e-01 1.595051271815297322e-01 2.926528859685759709e-01 1.904095576282061608e-01 -5.615804321932358345e-01 -1.350691541906099691e-01 3.599346939979801430e-02 -1.010570517648786901e-02 1.849115827001292234e-02 6.501829369300217432e-02 -4.279894699868960761e-02 -1.965596438662285325e-02 -1.283942314474046699e-02 4.639736437329123643e-03 8.595556874588057214e-03 1.805007551392652163e-02 1.239339010320629833e-02 4.487062440112037781e-02 7.637049963538919579e-03 -4.134692474682617573e-03 4.743348342010526332e-03
-4.332060640543312635e-01 -6.590162794291517523e-01 -4.299014609828634148e-01 5.695419810191082455e-01 -3.236267453608399625e-01 1.288189902217288796e-01 4.058353539346224448e-01 -4.562079502913863327e-01 -1.834347130031313833e-01 -1.338834584788747284e-01 8.998312702860666651e-04 2.996234102339516772e-02 1.184308719014865677e-03 -2.910577041372151841e-02 -1.796037890299636078e-02 -4.684112875178377509e-03 -3.183647331012876458e-04 9.011560307654665689e-03 7.507396873110368241e-03 1.746802986052596336e-03 7.637049963538919579e-03 2.551375006464012482e-02 8.402419916834442948e-03 6.355617823885094733e-03
-6.627282402253475979e-01 -1.351976497521313429e-02 -9.436015283211695026e-01 3.332925727614246408e-02 -2.503140028532758743e-01 2.379434369084792722e-01 2.575831035790931423e-01 -2.054769235877440814e-01 -7.982189338845920024e-02 2.490327626701448541e-02 -6.387491695458447083e-02 -5.058266552346776107e-02 -1.040037275533297820e-02 2.022067328966127130e-03 2.367627531114230993e-02 3.688128323615631060e-02 -7.261872200517264196e-03 -5.472416731227423142e-03 -1.207423180611642659e-02 -2.497384444562645439e-03 -4.134692474682617573e-03 8.402419916834442948e-03 2.447616156668495566e-02 6.942186391797371819e-03
-1.188783004546135613e+00 2.784143628980807750e-02 -1.932931953930173419e-01 6.189250026385360037e-01 -3.932087392775495127e-01 3.889145776069393157e-01 1.953029143416225299e-01 -3.603697119646129265e-01 1.643044712155258477e-02 1.174057603060401321e-02 -7.472040272866402322e-03 3.551245269001719607e-02 1.561348280323271095e-02 -1.377616909531859807e-02 -2.137923075834411921e-02 2.247264004887039937e-02 1.840077244190038437e-04 3.722144172514869399e-04 4.175955920998028134e-03 4.706159487318056257e-03 4.743348342010526332e-03 6.355617823885094733e-03 6.942186391797371819e-03 1.404956484687276685e-02
