5.881251710952839858e+03 -5.154806869655322998e+02 -6.992335629626124671e+01 -1.309871915022116866e+02 4.228645070222547133e+02 2.072278166675208766e+01 3.256147333091522000e+01 -7.486642538480128906e+01 -2.712162673829594439e+01 4.333683911382239984e+01 -1.938305134406185815e+01 -1.082436268703688143e+01 -2.901189052374629096e+00 6.217968247880975019e-01 -4.957119319078076458e+00 1.695302218982737230e+01 1.306696745762029988e+00 -4.107824570965656896e+00 2.261831081779440034e+00 -1.342310532615885732e+00 -1.151347384118922346e+00 -6.276811185823062411e-01 -7.021835698054851305e-01 -3.671462555446225462e-01
-5.154806869655322998e+02 3.045322571541299567e+03 1.822814954875476019e+02 -9.888747397317720811e+01 -2.387560945424070553e+02 2.170154318276166805e+01 -6.537243950730380959e+01 -6.735326109729398070e+01 -3.357327299599528914e+01 2.339772740576764676e+01 2.963932024840637780e+00 1.291750068144184382e+01 4.471795061674795235e+00 2.705207259993274604e+00 1.397302672424686421e+01 7.313432276554514111e+00 6.404606977472893092e+00 2.896078317957290871e+00 2.849548181601739394e+00 2.870362258943022216e-01 -1.526611196245009738e+00 1.627830343021376525e+00 2.070369681916541804e+00 -6.641046523992857331e-01
-6.992335629626124671e+01 1.822814954875476019e+02 1.044259737094901993e+03 1.355970723057119187e+02 9.382840616401249179e+01 -2.247961832668897131e+01 -3.129551269636610300e+01 5.914501546694297929e+01 -1.704499609294447993e+01 -2.214491239697786185e+01 -1.226477578751627817e+01 6.227025866868013182e+00 1.416972247893486525e+01 -8.756552798865201437e-01 -1.217783257160831800e+00 -2.680591226643832758e+00 1.737981183189601042e+00 2.173570840716753771e+00 1.272530485763001817e-01 2.346610134778582601e+00 -1.224055070452150507e-01 8.689527400525135503e-01 3.666227290377258030e-01 2.247284967398081867e-01
-1.309871915022116866e+02 -9.888747397317720811e+01 1.355970723057119187e+02 7.387877701323411657e+02 8.524824667148517676e+01 1.211299533891142843e+01 1.116741300646266843e+01 2.132716727253604816e+01 -5.508971659577915680e+00 -2.113958456906817673e+01 4.898366530668250896e+00 3.065008961172277946e+00 4.159240867625230820e+00 1.091396873167129966e+00 -1.168510616355150189e+00 3.850907858638372150e-01 -2.448580786757777350e+00 8.054098533884850308e-01 -1.509381744862161034e-01 -9.063255458825383304e-01 -4.426274556142229533e-01 3.916499347044994916e-01 6.201685807889824043e-01 2.326937302831337262e-01
4.228645070222547133e+02 -2.387560945424070553e+02 9.382840616401249179e+01 8.524824667148517676e+01 3.960620874451418558e+02 3.155340644215895551e+01 2.482829985263032668e+01 6.518429814903998754e+00 2.384285902122298495e+01 2.829157260757401371e+00 -4.217612881932528701e+00 7.664971511029859741e+00 2.111337203325807543e+00 -1.553999075239513306e-01 1.960846727660872646e-01 -1.771324447342762731e+00 -2.294490875355643222e+00 4.969307116584629168e-03 -5.365868102803681428e-01 8.264985929846867529e-01 5.670558449621255770e-01 6.959922757702469154e-02 -2.621736520361468009e-02 -1.570708737319546078e-01
2.072278166675208766e+01 2.170154318276166805e+01 -2.247961832668897131e+01 1.211299533891142843e+01 3.155340644215895551e+01 2.215573257707699213e+02 -2.521878464262035280e+01 -1.106697640223911883e+01 -4.808269887220027350e+00 7.565733179401730624e+00 -1.024874515536341457e+00 4.293879342233110741e+00 -3.528019230826303421e+00 -3.297625938243135546e-01 -8.687135742925412574e-01 9.551604286663541998e-01 1.640767373297679355e-01 -5.751262262760165056e-01 -5.052044452281832798e-02 -6.723836032056127454e-01 -3.978966155824689710e-02 -1.488485411491318189e-01 1.503306853592077108e-01 -8.562604994788096391e-02
3.256147333091522000e+01 -6.537243950730380959e+01 -3.129551269636610300e+01 1.116741300646266843e+01 2.482829985263032668e+01 -2.521878464262035280e+01 1.221479541388353880e+02 1.374776989012504380e+01 1.116131779656434908e+01 3.936497931406807815e+00 -5.483878436608952356e+00 -4.282425513106421278e+00 -2.149650431615496071e+00 3.976942878881217336e+00 -1.145939402437051502e+00 1.239853166226701608e+00 2.800486483627632195e-01 2.513005851437742980e-02 4.506104121055116152e-01 -4.611703243338581282e-01 -5.272131986119622110e-02 -9.784179504896918164e-04 9.432345470723293990e-02 1.181056073133544965e-01
-7.486642538480128906e+01 -6.735326109729398070e+01 5.914501546694297929e+01 2.132716727253604816e+01 6.518429814903998754e+00 -1.106697640223911883e+01 1.374776989012504380e+01 8.074364098790061917e+01 4.097294524270810534e+00 -1.142447801472315660e+01 -9.360875389118916701e+00 -3.929235981453745863e-01 -8.792513322969194300e-01 1.445380436822195858e+00 -2.326576155912142285e-01 -1.793487821137606519e-01 -6.224820788712224218e-01 7.596170277187581643e-01 1.202793115735314305e-01 4.877030562486430187e-01 -2.282091654728118924e-01 1.220687534244487144e-01 2.381545316956948377e-01 5.689851692896502611e-02
-2.712162673829594439e+01 -3.357327299599528914e+01 -1.704499609294447993e+01 -5.508971659577915680e+00 2.384285902122298495e+01 -4.808269887220027350e+00 1.116131779656434908e+01 4.097294524270810534e+00 4.623638858385751149e+01 -1.370310890746149424e+00 -4.390157082668384447e+00 -2.740904384932305038e-01 -3.079588420242393099e+00 -1.100396128421176289e+00 -1.331948364538191987e+00 -6.592341241032780852e-01 -5.876866329384526633e-02 -2.314247717797014159e-01 1.531512590337756330e-01 9.965880211813249456e-02 2.334673506887723418e-03 2.044431090010062624e-02 1.064261362099444830e-01 1.080907191496516678e-01
4.333683911382239984e+01 2.339772740576764676e+01 -2.214491239697786185e+01 -2.113958456906817673e+01 2.829157260757401371e+00 7.565733179401730624e+00 3.936497931406807815e+00 -1.142447801472315660e+01 -1.370310890746149424e+00 2.342989405162015260e+01 -7.975880948074191013e-01 -1.500353970980355278e+00 1.787513400082442472e-01 3.782030146280392358e-01 1.019171584246646223e+00 5.208384229124118914e-01 9.223929284777184767e-01 -3.174255939758598988e-01 2.483936709801152776e-01 -1.374181869042976623e-01 1.249915498951131507e-02 -4.565216146101703371e-02 1.020867439645987140e-01 4.087783825510189067e-02
-1.938305134406185815e+01 2.963932024840637780e+00 -1.226477578751627817e+01 4.898366530668250896e+00 -4.217612881932528701e+00 -1.024874515536341457e+00 -5.483878436608952356e+00 -9.360875389118916701e+00 -4.390157082668384447e+00 -7.975880948074191013e-01 1.425734415025124768e+01 1.232948004961914146e+00 3.786751336483511199e-02 1.215107393633696881e-01 4.237542540148635517e-01 2.138670170677223759e-01 -1.962201360481772572e-01 3.788939894846973799e-01 -5.997085386475826257e-02 -1.874665620548298106e-01 1.165199412340701957e-01 -1.030667958850740723e-01 -6.003175978058931939e-02 -5.764618987668106154e-02
-1.082436268703688143e+01 1.291750068144184382e+01 6.227025866868013182e+00 3.065008961172277946e+00 7.664971511029859741e+00 4.293879342233110741e+00 -4.282425513106421278e+00 -3.929235981453745863e-01 -2.740904384932305038e-01 -1.500353970980355278e+00 1.232948004961914146e+00 7.301830607983299970e+00 2.569319519777913952e-01 -2.462638981728343668e-01 -6.712034889116030856e-01 -3.660623406237893396e-01 -1.171059958432065506e-01 -1.686971030936064431e-01 -1.381600583630977763e-01 -9.457311952489251550e-02 -2.242560241014922295e-02 9.473211259602043466e-02 1.988090454225262607e-02 2.910075250724704701e-02
-2.901189052374629096e+00 4.471795061674795235e+00 1.416972247893486525e+01 4.159240867625230820e+00 2.111337203325807543e+00 -3.528019230826303421e+00 -2.149650431615496071e+00 -8.792513322969194300e-01 -3.079588420242393099e+00 1.787513400082442472e-01 3.786751336483511199e-02 2.569319519777913952e-01 4.996655814004285823e+00 -4.029159327763429804e-02 2.595719745324122640e-01 -2.705750645892730510e-01 7.769538589644146842e-02 2.407987261854593608e-01 -1.788053217203487422e-01 5.576083734637609507e-02 -1.427655589932253638e-02 -5.364335851243472869e-02 -2.256326955438955895e-02 7.421779463175768449e-03
6.217968247880975019e-01 2.705207259993274604e+00 -8.756552798865201437e-01 1.091396873167129966e+00 -1.553999075239513306e-01 -3.297625938243135546e-01 3.976942878881217336e+00 1.445380436822195858e+00 -1.100396128421176289e+00 3.782030146280392358e-01 1.215107393633696881e-01 -2.462638981728343668e-01 -4.029159327763429804e-02 1.993769955852102038e+00 8.684046531875497243e-02 2.238946933551453633e-01 9.315870586124033736e-02 2.319907673020290273e-01 2.469283905539729207e-02 -2.930983095233300265e-02 1.664142358071653630e-02 -1.726472899215074699e-02 -2.406678613808182869e-03 2.822496836589357110e-03
-4.957119319078076458e+00 1.397302672424686421e+01 -1.217783257160831800e+00 -1.168510616355150189e+00 1.960846727660872646e-01 -8.687135742925412574e-01 -1.145939402437051502e+00 -2.326576155912142285e-01 -1.331948364538191987e+00 1.019171584246646223e+00 4.237542540148635517e-01 -6.712034889116030856e-01 2.595719745324122640e-01 8.684046531875497243e-02 1.696936882538603530e+00 2.156820454112798671e-02 -1.043407054861400091e-01 8.021505738820566833e-02 -7.252412734601611059e-03 3.741982471085709278e-02 2.315247216200071873e-02 -1.070431547538883751e-03 -1.699619755712206831e-02 -2.421974647889774818e-02
1.695302218982737230e+01 7.313432276554514111e+00 -2.680591226643832758e+00 3.850907858638372150e-01 -1.771324447342762731e+00 9.551604286663541998e-01 1.239853166226701608e+00 -1.793487821137606519e-01 -6.592341241032780852e-01 5.208384229124118914e-01 2.138670170677223759e-01 -3.660623406237893396e-01 -2.705750645892730510e-01 2.238946933551453633e-01 2.156820454112798671e-02 7.504837623897403498e-01 -2.645188738089439620e-02 1.955236459957838957e-02 7.297930169972213776e-02 -3.370135833175712248e-02 -2.737058909116316455e-02 -2.618600047289356900e-02 2.333849528192612731e-03 -1.308782247175203353e-03
1.306696745762029988e+00 6.404606977472893092e+00 1.737981183189601042e+00 -2.448580786757777350e+00 -2.294490875355643222e+00 1.640767373297679355e-01 2.800486483627632195e-01 -6.224820788712224218e-01 -5.876866329384526633e-02 9.223929284777184767e-01 -1.962201360481772572e-01 -1.171059958432065506e-01 7.769538589644146842e-02 9.315870586124033736e-02 -1.043407054861400091e-01 -2.645188738089439620e-02 3.479407538585974624e-01 -3.422652679135826988e-03 4.054538576638726244e-02 2.596403005132047730e-03 -2.745706284172069658e-03 -5.373489696680692693e-03 1.651517164186158942e-03 7.597185965257067207e-03
-4.107824570965656896e+00 2.896078317957290871e+00 2.173570840716753771e+00 8.054098533884850308e-01 4.969307116584629168e-03 -5.751262262760165056e-01 2.513005851437742980e-02 7.596170277187581643e-01 -2.314247717797014159e-01 -3.174255939758598988e-01 3.788939894846973799e-01 -1.686971030936064431e-01 2.407987261854593608e-01 2.319907673020290273e-01 8.021505738820566833e-02 1.955236459957838957e-02 -3.422652679135826988e-03 2.263322116176954557e-01 -7.003406951376175971e-03 1.313000393018247912e-02 -1.540065892544783925e-02 5.812294183459627665e-03 1.876296029558151019e-03 -4.019581058386268411e-03
2.261831081779440034e+00 2.849548181601739394e+00 1.272530485763001817e-01 -1.509381744862161034e-01 -5.365868102803681428e-01 -5.052044452281832798e-02 4.506104121055116152e-01 1.202793115735314305e-01 1.531512590337756330e-01 2.483936709801152776e-01 -5.997085386475826257e-02 -1.381600583630977763e-01 -1.788053217203487422e-01 2.469283905539729207e-02 -7.252412734601611059e-03 7.297930169972213776e-02 4.054538576638726244e-02 -7.003406951376175971e-03 8.378088450336219906e-02 5.882428784695387537e-04 -1.354141854935124109e-03 -2.375452625065624433e-04 8.332083618113370060e-03 -2.295265598937110303e-03
-1.342310532615885732e+00 2.870362258943022216e-01 2.346610134778582601e+00 -9.063255458825383304e-01 8.264985929846867529e-01 -6.723836032056127454e-01 -4.611703243338581282e-01 4.877030562486430187e-01 9.965880211813249456e-02 -1.374181869042976623e-01 -1.874665620548298106e-01 -9.457311952489251550e-02 5.576083734637609507e-02 -2.930983095233300265e-02 3.741982471085709278e-02 -3.370135833175712248e-02 2.596403005132047730e-03 1.313000393018247912e-02 5.882428784695387537e-04 7.163232994964205402e-02 1.016220034007061720e-02 -4.509873547829449519e-03 -1.422783748785569303e-04 -1.641871686554909049e-04
-1.151347384118922346e+00 -1.526611196245009738e+00 -1.224055070452150507e-01 -4.426274556142229533e-01 5.670558449621255770e-01 -3.978966155824689710e-02 -5.272131986119622110e-02 -2.282091654728118924e-01 2.334673506887723418e-03 1.249915498951131507e-02 1.165199412340701957e-01 -2.242560241014922295e-02 -1.427655589932253638e-02 1.664142358071653630e-02 2.315247216200071873e-02 -2.737058909116316455e-02 -2.745706284172069658e-03 -1.540065892544783925e-02 -1.354141854935124109e-03 1.016220034007061720e-02 2.833871154988098010e-02 -4.042827296019513295e-03 -3.005510772455175644e-03 -1.317229053223508339e-03
-6.276811185823062411e-01 1.627830343021376525e+00 8.689527400525135503e-01 3.916499347044994916e-01 6.959922757702469154e-02 -1.488485411491318189e-01 -9.784179504896918164e-04 1.220687534244487144e-01 2.044431090010062624e-02 -4.565216146101703371e-02 -1.030667958850740723e-01 9.473211259602043466e-02 -5.364335851243472869e-02 -1.726472899215074699e-02 -1.070431547538883751e-03 -2.618600047289356900e-02 -5.373489696680692693e-03 5.812294183459627665e-03 -2.375452625065624433e-04 -4.509873547829449519e-03 -4.042827296019513295e-03 2.050570853470872271e-02 5.875444958312643282e-03 4.007309317639214108e-03
-7.021835698054851305e-01 2.070369681916541804e+00 3.666227290377258030e-01 6.201685807889824043e-01 -2.621736520361468009e-02 1.503306853592077108e-01 9.432345470723293990e-02 2.381545316956948377e-01 1.064261362099444830e-01 1.020867439645987140e-01 -6.003175978058931939e-02 1.988090454225262607e-02 -2.256326955438955895e-02 -2.406678613808182869e-03 -1.699619755712206831e-02 2.333849528192612731e-03 1.651517164186158942e-03 1.876296029558151019e-03 8.332083618113370060e-03 -1.422783748785569303e-04 -3.005510772455175644e-03 5.875444958312643282e-03 1.561783113381278940e-02 4.206163826129083287e-03
-3.671462555446225462e-01 -6.641046523992857331e-01 2.247284967398081867e-01 2.326937302831337262e-01 -1.570708737319546078e-01 -8.562604994788096391e-02 1.181056073133544965e-01 5.689851692896502611e-02 1.080907191496516678e-01 4.087783825510189067e-02 -5.764618987668106154e-02 2.910075250724704701e-02 7.421779463175768449e-03 2.822496836589357110e-03 -2.421974647889774818e-02 -1.308782247175203353e-03 7.597185965257067207e-03 -4.019581058386268411e-03 -2.295265598937110303e-03 -1.641871686554909049e-04 -1.317229053223508339e-03 4.007309317639214108e-03 4.206163826129083287e-03 9.978619211711468873e-03
